1.061794922557804632e+01 -1.891768310642870787e+01 9.959448605468826932e-01 1.166793913927441473e+00 6.607590903466773469e+00 -8.305834144664324015e+00 1.459123346168681579e+01 -7.240195128473822628e+00 -1.125147968002356080e+01 6.885547258495178014e+00 -7.150647221451358782e+00 6.391058033460389476e-01 3.693402762302758546e+00
1.049759541020933717e+01 -9.528304272547567066e+00 -2.266855603415199594e-01 -1.655769690848689191e+00 1.635883955774877307e+01 -2.201226524908442173e+01 2.798840939534163397e+01 -9.308825282663038436e+00 -7.084606513671741546e+00 4.366944610886241307e+00 -8.957928733579604952e+00 1.318517627771169431e+00 -6.122626665555906955e-01
1.088456977211693832e+01 -6.681611332912122947e+00 2.953563819789441158e+00 2.156222389401419637e+00 1.755573914311468187e+01 -2.132702250306577341e+01 2.186574178557570391e+01 -1.338080901119862709e+01 -1.004265959455204182e+01 4.104539536150804580e+00 -8.532018384364167929e+00 2.957163380024195876e-01 -1.361485519483864426e+00
1.134788247628570268e+01 -6.078690544571895948e+00 4.450324029971832296e+00 4.420211016561863104e+00 1.669174897994922802e+01 -2.168679224142628925e+01 2.243756371578534115e+01 -1.181315123251104460e+01 -9.051333379538801793e+00 4.236080906070003316e+00 -7.922351433587200731e+00 1.083077532267924470e+00 -2.917487284111234924e+00
1.171913367672195783e+01 -5.563537039579325771e+00 3.591181437631676854e+00 5.540931130756929335e+00 1.531174112419331657e+01 -1.727921659553607014e+01 2.434273009083064565e+01 -1.023731280129164922e+01 -9.055514976656109383e+00 4.971346831064276550e+00 -9.903207016856168110e+00 9.573676150284529118e-01 -1.810271550832851961e+00
1.192990751791887227e+01 -6.254773798659568840e+00 2.366992020192987933e+00 6.018328638804472774e+00 1.595520510210135967e+01 -1.735275700157166412e+01 2.359519814840205498e+01 -1.076527032389227934e+01 -8.333143347008963531e+00 4.833782721082384271e+00 -1.108254684133978429e+01 1.451655900625714368e+00 -8.688946685700439376e-01
1.143931202839289263e+01 -1.816225176096158078e+00 1.971262928150540938e+00 -2.800517147851686595e+00 2.362155201081678157e+01 -2.043267785574312612e+01 3.681556169343573970e+01 -1.210973056607640075e+01 -1.154358538661654165e+01 3.703225392934879068e+00 -6.978083327189917640e+00 1.688468816410896300e+00 -3.422000509963108339e+00
1.206643721461226093e+01 -7.169749759763396568e+00 3.507924135592774384e+00 5.634969152189726493e+00 1.560448323573381657e+01 -1.934207298007879317e+01 2.211488757495121504e+01 -1.083990823793291547e+01 -1.057749175831027699e+01 2.502037416247776314e+00 -1.502609992918151605e+01 1.256530181840055160e+00 -4.608338564001817517e+00
1.126516102474638714e+01 -3.328561588539520333e+00 3.085628490397267498e+00 -1.472967435533912184e+00 2.079152261700895821e+01 -2.023567791653459835e+01 3.329052815461488279e+01 -8.772998616171129527e+00 -1.291133426369699322e+01 5.957389257519201564e+00 -9.129899091664901434e+00 4.353335799375771309e+00 -1.600445108470862188e+00
1.203503080953357696e+01 -7.326992242712621284e+00 5.251438813127473182e+00 6.613739580191781542e+00 1.609603435300915919e+01 -1.989248316042096576e+01 2.309724943411567466e+01 -9.023062253557291967e+00 -1.021651525235237656e+01 5.068344754472366098e+00 -1.386616452134383159e+01 2.141055318435126864e+00 -3.109005872183189911e+00
1.200586367872360505e+01 -7.938950472553080395e+00 4.308047125395332522e+00 6.497573071043504456e+00 1.485117803737858111e+01 -2.017926370150897597e+01 2.481246458120035925e+01 -8.348820164310273739e+00 -9.542574885291916331e+00 4.057850728667956375e+00 -1.275342615123107137e+01 1.636907766210248694e+00 -3.367887513803128119e+00
1.192672555992394479e+01 -9.114460846708025699e+00 4.184485295994710086e+00 7.519256196398606207e+00 1.452433079701215135e+01 -2.002711255555346170e+01 2.285635675695274571e+01 -8.828257954783586214e+00 -8.683152196640870457e+00 1.976383646716203257e+00 -1.303787717283419845e+01 -7.844325523498620889e-01 -3.527906162128646717e+00
1.192999572773513961e+01 -8.613476327910184693e+00 4.239075590988004016e+00 7.120879815311194960e+00 1.595859935794301698e+01 -2.007109284305286323e+01 2.272082666680309870e+01 -8.879507256635347900e+00 -8.428073209070634064e+00 1.797207107127652082e+00 -1.201826184724224689e+01 -6.019978024374533776e-01 -3.676276597626747744e+00
1.167532298000780955e+01 -6.498609359540982844e+00 4.795134068077794076e+00 4.181796883939547627e+00 1.794514862506288821e+01 -1.993371595633589877e+01 2.790667347316270508e+01 -1.021064442635939429e+01 -9.339044837871655957e+00 2.755687911442795013e+00 -1.091848610159563648e+01 -6.572386731186637965e-01 -3.268459128122464641e+00
1.197383560687990567e+01 -6.272637911959010104e+00 6.100629538023121690e+00 7.038867599228051830e+00 1.792931571057535223e+01 -1.960650984916215123e+01 2.340475438412322973e+01 -9.177398318237445451e+00 -7.962678531177982855e+00 4.623166452024076278e+00 -1.065023072577533725e+01 -2.154559701140483785e+00 -3.784279326032161439e+00
1.199151538889768709e+01 -6.335740935989151446e+00 6.720769065147218058e+00 6.984911155918100079e+00 1.978638958601314712e+01 -1.738677443744206741e+01 2.179647307276486146e+01 -7.265151108063921725e+00 -7.237984181847675558e+00 6.348086568906032845e+00 -9.449108177926055063e+00 1.444581575691780806e+00 -3.835614247238224639e+00
1.188338244756099549e+01 -4.441445353214994007e+00 7.365202157974413133e+00 7.541663760970573449e+00 2.136357047213387617e+01 -1.808372383331550992e+01 2.237028532888012222e+01 -7.596013793402700109e+00 -9.882064237736816636e+00 4.425777606372388817e+00 -1.191683057276357793e+01 1.347120923808484472e+00 -7.408966333788720604e+00
1.203018434518981472e+01 -4.489972833283241371e+00 7.591594243119613949e+00 7.346161289762547675e+00 2.055533546320928906e+01 -1.914061236961846291e+01 1.774192337520153018e+01 -8.364362449676551847e+00 -9.813125616265901741e+00 3.150092265012596204e+00 -1.182879304308141499e+01 1.173662977724234668e+00 -5.308601796953685614e+00
1.232430906087768641e+01 -2.910259123539776116e+00 7.398417067554079907e+00 7.089569095232735485e+00 1.811756707276936851e+01 -1.973290688087380929e+01 1.727464250456159434e+01 -1.247663479351833438e+01 -9.512938749671830507e+00 1.176357936087478739e+00 -1.148112178157932739e+01 7.921683841479715271e-01 -3.408898578095992615e+00
1.263721247045393703e+01 -1.429325698922807364e+00 5.717277096402185954e+00 7.302477255985804661e+00 1.523373229421346764e+01 -2.130415305339056076e+01 1.898236774446718300e+01 -1.544410965918260459e+01 -1.095125064524063419e+01 -2.454931497019952946e+00 -1.038753195661056594e+01 2.104991964752354061e+00 4.306613991426544996e-01
1.276651023833857934e+01 -1.057045304154503373e+00 5.607133506574101922e+00 8.355869251427412436e+00 1.356712307416781726e+01 -1.849229252991072769e+01 1.891762272013774648e+01 -1.651020154413426866e+01 -7.608518011919569446e+00 -1.630599222927329395e+00 -1.013466122817353110e+01 1.088412165358213723e+00 -5.645135441856107272e-01
1.292378160818810251e+01 -1.325980324443201575e+00 4.439777367433744182e+00 1.002259663802663070e+01 1.376380920523120466e+01 -1.480375170015472719e+01 1.909895904608386630e+01 -1.744793401911633524e+01 -8.025553185674652923e+00 -3.937708386395657012e+00 -1.016353701129538756e+01 -4.269381193138321318e-01 -3.123771737018162797e-01
1.311137557243156060e+01 -2.216959145928269592e+00 3.472454910394357164e+00 1.314564718166087331e+01 9.427026583200975196e+00 -1.107744167872240659e+01 1.765275993426361723e+01 -2.034155056001969797e+01 -7.169158431430505907e+00 -6.063886825637144540e+00 -1.034794369147370752e+01 1.481246758072636283e+00 -1.748291957163974120e+00
1.353025421611089918e+01 -5.033224146740636229e+00 1.877752836113204982e+00 1.564815501540892662e+01 6.427125167633547242e+00 -8.737724675568074417e+00 2.012138346104146436e+01 -2.183616219163307193e+01 -4.373401277895010431e+00 -1.106415413319486696e+01 -8.108743988258622082e+00 -1.012865361788630958e+00 -3.787989759845426629e+00
1.407809101764170912e+01 -8.447237875619613590e+00 8.414304322808013881e-01 2.036942186819122824e+01 4.035733198693119417e-01 -9.013854915513396904e+00 2.084192693592672541e+01 -2.235380025783301150e+01 -4.823404379027163458e+00 -1.342879782599595906e+01 -1.020775633013526296e+01 -1.777824430837053882e+00 -4.267427532588357941e+00
1.484771408017854455e+01 -1.070722169373432919e+01 1.762643606511180572e+00 2.788601466111803973e+01 -3.919475572227397286e+00 -8.484692618032857681e+00 2.089072616379657887e+01 -2.160242254304787934e+01 2.863285926128153136e+00 -2.110693347803759323e+01 -5.637083244757472578e+00 -4.293775893470413330e+00 -7.461773926725520312e+00
1.647237677780032428e+01 -1.675351600427579157e+01 -3.384089138995908908e+00 3.357614674293974844e+01 -1.069120499972687277e+01 -3.648087283456794783e+00 1.674590381993258958e+01 -1.141514847113606734e+01 -6.810157780604732203e+00 -1.103842813077228691e+01 -2.714868882613983736e+00 -2.978490893631279501e+00 -4.784030839686196579e+00
1.748354186923716824e+01 -1.900743862092938485e+01 -1.654054265556396786e+00 3.320891313581118709e+01 -1.371573751989516587e+01 -2.735583285452719338e+00 1.696273067420148806e+01 -9.868414696636470751e+00 -8.922322186332671379e+00 -1.029761267823371540e+01 5.041142346043743228e-01 -8.719502648586272997e+00 -3.345071463383607391e+00
1.824060544968193653e+01 -2.208743378938681445e+01 -3.015766842953259697e-01 3.496887899280648782e+01 -1.504532605021696412e+01 -2.316058179537611839e+00 2.065553661889180148e+01 -1.158706337901064565e+01 -8.431943926133691036e+00 -8.659188687938415896e+00 1.178369861990060441e+00 -1.001481086211290084e+01 -3.084943519395233924e+00
1.864760368705340809e+01 -2.864079360627127002e+01 -2.382739437788696235e-01 3.684282951529599615e+01 -1.233003757304303960e+01 -1.077324250408325668e+01 2.890603032983910126e+01 -1.465320551323851639e+01 -7.485459864535005003e+00 -6.623661825457092256e+00 3.299747308059156836e+00 -7.910601376614033065e+00 -3.940654823994457434e+00
1.903174232059807025e+01 -2.634900974787034045e+01 1.629429548997022303e+00 3.299525089396315281e+01 -1.681086391814675451e+01 -3.051068048391239351e+00 2.082434071056517766e+01 -1.346744364151717299e+01 -6.738819532042708005e+00 -7.759181434506859709e+00 4.421561458303045811e+00 -8.619728954786637587e+00 -3.826722582068678324e+00
1.919820042585629949e+01 -2.829201751827459788e+01 -1.304065343688875167e+00 3.364395058890747237e+01 -1.401565586104053374e+01 -1.388085074538967234e+00 2.055611814663554071e+01 -1.610598021268841151e+01 -9.389767344674643468e+00 -8.934386590899093150e+00 3.428535732805034097e+00 -1.028583239571772801e+01 -5.174358588726591712e+00
1.928847959663610467e+01 -2.592491766881885695e+01 -3.511725920288053526e+00 3.232644414666504673e+01 -1.307930093268450733e+01 -3.075359319411015147e+00 1.956831280382494498e+01 -1.738588282149919806e+01 -8.412911398657861639e+00 -8.481842389121812431e+00 4.330903058027225860e+00 -1.227484077625686609e+01 -8.532161315305682336e+00
1.919115089678544805e+01 -2.385684088733917108e+01 -3.651465986029230670e+00 3.276393442914316267e+01 -7.029098663572786343e+00 -4.768472981736150418e-01 2.170990502902425945e+01 -1.598877886816665672e+01 -7.950164150832663701e+00 -4.155465760775184592e+00 5.648444411879292915e+00 -8.509593142132338528e+00 -6.820943968380548839e+00
1.879025660674895803e+01 -2.239359458074693876e+01 -3.814329722908395226e+00 3.090015841177202205e+01 -6.550739058936454029e+00 -3.326714435320904162e+00 2.195359827817736686e+01 -1.927541843825179768e+01 -1.189952440525858890e+01 -6.537657834710302929e+00 4.235990181409838407e+00 -1.018270094982349683e+01 -1.277632304031001098e+01
1.833503543379669054e+01 -1.237914268336221291e+01 -6.563782531149485067e+00 3.144227839398044821e+01 -1.618855914138792151e+00 -2.624818133393255204e-01 1.693953009696845413e+01 -2.719430464886317367e+01 -1.387111591868297289e+01 -9.655214823752622522e+00 7.996663479484845682e-01 -1.083411328047350253e+01 -1.499719398320264396e+01
1.793691839091942342e+01 -6.589593528843795234e+00 -5.757954719196570537e+00 2.604815333506743613e+01 4.097503661920865348e+00 -4.373658949943800778e+00 1.591333040658028075e+01 -2.791871777348736217e+01 -1.553128399990836073e+01 -1.080318199133207990e+01 -2.861381743416043566e+00 -8.906605038489759707e+00 -1.735008860096738914e+01
1.774809057343618690e+01 2.043891575260180282e+00 -6.568577796616770215e+00 2.931235750127678585e+01 7.354511762587047308e+00 -2.088790328945491659e+00 1.186182340184682360e+01 -3.059039053469298963e+01 -1.513868053347015241e+01 -1.581872251346734792e+01 -1.109455531463009903e+00 -8.246885371272895782e+00 -1.511178697248284841e+01
1.776051755622321338e+01 6.380406311955861831e+00 -6.758342154630523346e+00 2.808070321018402282e+01 1.006892712693074010e+01 -1.573621537818677751e+00 5.003502106083762335e+00 -3.386987500651834182e+01 -1.553958971372317954e+01 -1.661715286607444853e+01 -7.069526880051888451e-01 -7.560017471481582874e+00 -1.363357510178440890e+01
1.772103903425900029e+01 1.213836311049772299e+01 -1.213269700195190381e+01 2.978090803012475618e+01 2.156217510538582793e+00 9.486044207240938997e-01 1.005279241351131070e+01 -3.256652666315930134e+01 -2.109091605182451090e+01 -1.633833563757909957e+01 7.509761730957405845e+00 -1.490546779447528181e+01 -4.448796330461744830e+00
1.791282488811800988e+01 1.388238804354926792e+01 -1.861264483869886632e+01 2.563337947176428244e+01 4.443902651272241933e+00 -2.005069189232322469e+00 -4.793875815030138376e+00 -3.093553730275025515e+01 -1.597089663372076807e+01 -1.104358252407363850e+01 4.708926171746389500e+00 -8.277183170405384871e+00 -1.039030148088758487e+01
1.802104107070429606e+01 1.303628367156671608e+01 -1.121934017317467536e+01 1.915486973157318218e+01 1.084383623594943202e+01 -5.454099410192120523e+00 2.348514294708216710e+00 -3.776347434235189127e+01 -1.296037343951603482e+01 -9.049868061632889038e+00 -1.310843381093339532e+00 -3.363982556092410814e+00 -1.406705467714045277e+01
1.800543331307079953e+01 1.360140270172940902e+01 -1.118381737721333558e+01 1.679124632549996576e+01 9.566372095348977922e+00 -8.360112336343172856e+00 4.257926802745287453e+00 -3.575986433599737779e+01 -1.158051402054713463e+01 -9.782866557414894970e+00 -1.238920069399183310e+00 -2.286542032990025231e+00 -1.197155057939084877e+01
1.794534075465719170e+01 1.414561305355794296e+01 -8.909545292248896686e+00 1.185913811025250730e+01 1.215343268618570427e+01 -1.293096151074031930e+01 8.906470605931820828e+00 -3.624604665243124657e+01 -1.312396453387844630e+01 -6.572861451901877317e+00 -3.526171144177952854e+00 -3.303584278082686843e-01 -8.198981506217736026e+00
1.742540623403768052e+01 1.866909563152179174e+01 -1.337782550212824617e+01 6.182561705706276278e+00 5.010103494763126442e+00 -1.538722982084558843e+01 3.876545091647036312e+00 -2.245476227989860973e+01 -9.904074318831337820e+00 -5.606936187722033615e+00 -5.352828936000679327e+00 -5.040477998150739047e+00 -5.687065323798612404e+00
1.769919989962522777e+01 1.618090092870907526e+01 -6.831239874151994407e+00 7.722113099048220519e+00 1.111837078849228533e+01 -9.758177472715583889e+00 4.959194809832316309e-01 -2.787584530346037326e+01 -1.370929146110798591e+01 -7.316243006892753087e+00 -2.039282805667931520e+00 -5.514494959218096959e+00 -6.413894560449815430e+00
1.763059343003254753e+01 1.741337565260646514e+01 -7.667506025852945051e+00 7.843917077315941455e+00 7.977788303661236924e+00 -8.344659027052037104e+00 1.192890893358282911e+00 -2.628927169898155469e+01 -1.587071417312860788e+01 -5.188659524885209429e+00 -4.049778039312156075e+00 -4.915082784196758148e+00 -3.978085817359497067e+00
1.751942091932780698e+01 1.866900943423193837e+01 -7.686550765149996245e+00 7.802384358299359057e+00 5.374101148117953031e+00 -7.249332282767970703e+00 4.507406470426967182e+00 -2.635513226782974172e+01 -1.361489013792186320e+01 -8.036309218186746151e+00 -3.998348299057122190e+00 -2.870452897605103804e+00 -3.689202341809052932e+00
1.742293539736679975e+01 1.725256227062292425e+01 -4.534377179625016296e+00 4.971543583094766738e+00 1.858374462704022623e+00 -5.028910583086223518e+00 5.758178075758818792e+00 -2.449558439877399962e+01 -1.410491240758712728e+01 -1.051171995224651390e+01 -4.866468605587425778e+00 -4.212865723155609921e+00 -1.671023591999660551e+00
1.729284288329662544e+01 1.956800665195304489e+01 -1.842716662718686393e+00 1.489481488987985491e+00 -1.523086281866642411e+00 -1.622812068697721211e+00 4.058657459553938196e+00 -2.457023497962952518e+01 -9.149423030967549053e+00 -1.633957665002998993e+01 -3.793532888761694810e+00 -3.290192341625477024e+00 -4.044768942668187428e+00
1.710794689410902336e+01 2.152946985428070192e+01 -7.086437411375822171e-01 1.646029521030732301e+00 -5.623801757146627445e+00 1.080076831683323801e+00 4.855390774112684049e+00 -2.196406433817586645e+01 -7.129859871021330342e+00 -1.751311718270696005e+01 -3.772920767069941395e+00 -3.756075752232598486e+00 -3.477063714185298693e+00
1.690028417614555778e+01 2.093766292720349043e+01 1.884841020572966874e+00 4.687272517035879993e+00 -9.166654139177083493e+00 3.339654482378967781e+00 1.171215699910228381e+01 -2.356416201996242421e+01 -4.163365798327381739e+00 -1.958373257527017586e+01 -6.938226588922894678e+00 -3.479805651413843126e+00 1.421973248367594866e+00
1.685150512794886879e+01 2.286367333611645236e+01 2.155057974489677619e+00 1.617252018034783578e+00 -1.101834494720629287e+01 -5.847438677821142905e-01 1.208232666366415309e+01 -2.179793330622958436e+01 -3.798199722394017375e+00 -2.241598840666808101e+01 -4.702017771056807405e+00 -2.678399381015247105e+00 -4.510785360039024638e+00
1.673098221367603244e+01 2.202024018129052152e+01 3.995041748544251092e+00 9.944292899568470956e-01 -1.122520321613155225e+01 6.595196592591034968e-01 1.039659946117625822e+01 -2.077329160984041678e+01 -5.108165882054965579e+00 -2.265256976859346238e+01 -8.077917411831299077e+00 -2.349179610906609206e+00 -5.401246602972565647e+00
1.656810649665132473e+01 2.277157234809702402e+01 4.105567584138124282e+00 1.023216522960505692e+00 -1.243547629309116864e+01 3.151929709191219481e-02 1.187479197146612186e+01 -1.886241498164615393e+01 -4.806841962887817843e+00 -2.295340960027030164e+01 -1.015379028247400761e+01 -1.162378379315033294e+00 -7.166040264559446094e+00
1.669300916013628111e+01 2.158134414812924362e+01 3.883273264471379882e+00 4.766905118252571683e+00 -8.824847656004310537e+00 -8.202645525749829858e+00 1.524762072020940806e+01 -1.166289391816870946e+01 -1.321696414657160012e+01 -2.452131731552129068e+01 -8.950350523576279471e+00 -3.774260823535028120e+00 -1.312267724695082194e+01
1.619292855489030813e+01 2.260816928257170133e+01 7.516494338741589232e+00 3.343024982306666004e-01 -1.270751531425906933e+01 -2.558663162479335007e+00 1.468235529462024402e+01 -1.974608450425784412e+01 -5.875418073858612367e+00 -2.688161098771982793e+01 -5.661896912016947780e+00 -3.077530776254833178e+00 -6.375905659015756122e+00
1.602085242280493915e+01 2.211066745706380843e+01 7.786424726251818917e+00 -1.079683696230635981e+00 -1.172381601242398830e+01 -1.687096509103309661e+00 1.447079185749607078e+01 -2.086134933185503471e+01 -3.227369136834201235e+00 -2.437110796008541769e+01 -6.818030456951396978e+00 -3.730646439236527723e+00 -4.043157742938232602e+00
1.586731254627868104e+01 2.221475893388564415e+01 7.472717420087962026e+00 8.108530125257460419e-01 -1.574894396331273327e+01 -1.090956954958279823e+00 1.564561976187123271e+01 -1.925178040160279025e+01 -4.053244991228713623e+00 -2.265014552401769521e+01 -7.994942437728508544e+00 -2.279604540714513128e+00 -6.129655887814535298e+00
1.567420026747718076e+01 2.046661124366990236e+01 7.807889432056991375e+00 5.768383490252563250e-01 -1.575395234872385686e+01 -1.304141185852586871e+00 1.227222662941019848e+01 -1.873433404628639565e+01 -4.747275782587979442e+00 -1.778037469407119531e+01 -8.515102609786362464e+00 -4.570933867541151052e+00 -2.649030225868961086e+00
1.681023077457111015e+01 2.041609762909498116e+01 6.348342415042381726e-01 9.063872099762953383e+00 -2.261181886795771945e+01 1.450595577372958367e+01 -4.579169581327763083e+00 -1.308265617261416303e+01 5.894980983508025796e-01 -1.066149347352559040e+01 -3.245882644383793370e+00 6.578912073847476449e+00 -7.333177158602513401e+00
1.457016211396758010e+01 1.997955496084232507e+01 8.533170200796623917e+00 4.713614098621691006e+00 -9.497984442477179101e+00 -5.351802419379009912e+00 1.091369408637390670e+01 -1.525516602134942090e+01 -1.215415162778504810e+00 -9.924855942511760176e+00 -4.522476025789669229e+00 -4.031027394914280748e+00 -8.455256151679527932e+00
1.439792191305440383e+01 1.914699646902332120e+01 8.381226507005129278e+00 4.766144144344993450e+00 -3.406242375358076835e+00 -1.032801234878209229e+01 1.326767034770798936e+01 -1.494788149503469832e+01 2.796751983912740602e+00 -8.616385570656456494e+00 -5.345335248440523657e+00 -4.003394516183778507e+00 -1.156010327782629155e+01
1.401716253373353638e+01 1.708875021502766600e+01 7.870728719169347798e+00 4.554762294323544403e+00 -2.137044130008740161e+00 -1.230838378898773477e+01 1.380559852920807273e+01 -1.321117543059279953e+01 3.064428116321332940e+00 -8.716513011845496095e+00 -1.682566282082106346e+00 -2.875293243393596931e+00 -1.206238815301280809e+01
1.385545931461570923e+01 1.495278847650236820e+01 9.102609585145376769e+00 4.767311156788331949e+00 5.930684131106657153e-01 -1.406077871385741496e+01 1.343039103233295251e+01 -1.882092572850169887e+01 1.070280284573611951e+01 -5.457683570697075659e+00 -3.973799344080402918e+00 -7.203367919852770029e+00 -1.265995886005778281e+01
1.344476083682324408e+01 1.460151268521177137e+01 6.044754923841380467e+00 5.906936424888895587e+00 -2.266841597872983449e+00 -1.710952791279700946e+01 1.386952413742849544e+01 -1.752853165825609238e+01 9.703063122112318695e+00 -4.336587786537313249e+00 -5.409110747587829948e+00 -9.217845382243741170e+00 -1.188892904335073020e+01
1.310825105973172811e+01 1.692587771636785376e+01 5.474070264559841803e+00 -3.744856002088764457e-01 6.628597838692693145e+00 -2.387508502094719987e+01 1.387165980093484485e+01 -1.936200008335862321e+01 7.899223190200677536e+00 2.919893886275466865e+00 -6.031808155583907372e+00 -7.009309800860170192e+00 -1.295508340757532473e+01
1.284138057439449909e+01 1.353168758562196139e+01 4.104019277759217488e+00 4.434024048138326179e+00 1.243147830992840763e+00 -2.291361956772906439e+01 1.784716720273479496e+01 -1.462132027306821236e+01 9.363938701593490066e+00 6.134236630899826404e-01 -6.138942026228620286e+00 -8.085516733696133329e+00 -1.143488226693606080e+01
1.257082690833695260e+01 1.188113812278500880e+01 3.936156997596460538e+00 4.812777334952149211e+00 1.623682783395996587e+00 -2.293792608312566017e+01 1.854950057676519393e+01 -1.245609242704617081e+01 1.101494467298083890e+01 1.777693845158671682e+00 -5.383876778933523788e+00 -7.254915857645769073e+00 -9.552544647066579131e+00
1.206925149838551725e+01 9.445869406170229965e+00 4.223974724629220745e+00 4.163932467317634334e+00 3.702281547747870771e+00 -2.261521113463937738e+01 1.949424977268114745e+01 -9.775671707416613287e+00 8.628618793167767365e+00 4.694258969886068833e+00 -5.842044398497515445e+00 -5.035313907106156783e+00 -5.749598406376694726e+00
1.173579501584158713e+01 6.741075477854331588e+00 3.836286898399045242e+00 4.909578872277676531e+00 6.802528416963733449e+00 -1.935711031535301530e+01 1.945826042551087554e+01 -1.055416137801529786e+01 4.948230636370930746e+00 4.036591888652780291e+00 -4.215125070673351182e+00 -3.176258564816923258e+00 -6.126538333730129793e+00
1.088991652962993584e+01 3.042439558830073221e+00 4.598377648500020065e+00 6.789256344595274051e+00 8.211942707515810014e+00 -1.592315199963264405e+01 1.213768636303921511e+01 -7.025129537465572227e+00 9.619686268288880626e+00 3.331038027123154777e+00 -3.446142715428660797e+00 -3.937768361190753463e+00 -1.006496738057773399e+01
9.283141692191197336e+00 -1.138868045645244109e+01 1.441645243366126872e+00 4.544714705504216745e+00 7.869738134378685857e+00 -3.955264232028007143e+00 1.224709087148658071e+01 2.655897041984611739e-01 8.188163511991534804e+00 2.875381579541224752e+00 -1.956861477870788235e+00 -3.979494932289256992e-01 -2.170420121564597515e+00
1.052933287491190839e+01 1.561202198970761623e+00 3.774083820789464472e+00 2.314001491217644035e-01 1.528171647214355744e+01 -2.123812880997082431e+01 3.329323191884793687e+01 -8.889737518649127423e+00 3.569194195096795585e+00 9.190831518467172501e+00 -5.726300122428064299e+00 -2.911790258841169265e+00 -8.034287494696920717e+00
1.053326611207525687e+01 -2.890614905975453564e+00 -9.601575233875734305e-01 9.040171912663078402e+00 1.288677834402909284e+01 -1.733546587774212000e+01 2.857098131332235269e+01 -1.258273568296052858e+01 9.101711409791985119e+00 2.223788621441693980e+00 -5.339551581894784960e+00 -3.274595791626527141e+00 -6.744593574114925438e+00
1.021241611902779489e+01 -3.959940634188391151e+00 -1.405380073095044979e+00 7.375718777074494525e+00 1.398463273524500217e+01 -2.163219366863140891e+01 2.789344301877111931e+01 -1.269366903089387044e+01 6.424285490535961429e+00 3.393411169990905751e+00 -9.190958164504838379e+00 -2.259474217380112115e+00 -8.038192890006856217e+00
1.015505920330168621e+01 -4.680994818372901101e+00 1.057319212419107445e-02 6.058830845910587293e+00 1.494038642524642135e+01 -2.491387268585735626e+01 2.936402375660895814e+01 -1.444601681923192338e+01 3.693434701796086017e+00 5.885058577554845627e+00 -1.422086620792990175e+01 -1.237039569509659653e+00 -8.662333848111124723e+00
9.697632117408476304e+00 -7.727628907966035854e+00 -3.514857046568027332e+00 1.903850026031427944e+00 1.256525550514827039e+01 -2.520603816828683463e+01 2.530477244113015800e+01 -1.120187349016478251e+01 7.313366408458843004e+00 7.396960327299122007e+00 -9.153507776400594764e+00 1.951433593933920907e+00 -8.158768595945081969e+00
1.151104729718780106e+01 -8.337580531189901833e+00 -6.907140640871435089e+00 9.294758943036053322e-01 1.799093414788534417e+01 -3.656695791173133614e+01 3.324326055550228176e+01 -1.606878296289688990e+01 9.398190222178447684e+00 6.583804983193358495e+00 -1.436525177625782668e+01 9.967154370041269473e+00 -9.160432306971205918e+00
9.455003613911255655e+00 -9.218589393474404758e+00 -5.438542771278625843e+00 1.577266805426014162e+00 1.503487137718129851e+01 -2.750464920751987918e+01 2.449135652408392616e+01 -1.110886510548522388e+01 5.585653180105961901e+00 6.287838071561285602e+00 -8.567675462192953617e+00 5.480320648311684195e+00 -6.068629388171564720e+00
4.358427156999044705e+00 -3.417136767314823409e+00 -3.860834764406210429e+00 3.152803000467419459e+00 1.650758876695450539e+01 -2.586054615131109813e+01 2.490568091869840117e+01 -1.179586039361818095e+01 2.846704839713085633e+00 3.439922717996934942e+00 -9.975288730063700982e+00 3.371399998935400877e+00 -5.285885110729259040e+00
3.995442482000657769e+00 -4.805383943194301288e+00 -3.063203558580370967e+00 2.028166644953910858e+00 1.590006194771979686e+01 -2.619887889306608031e+01 2.533935707852569053e+01 -1.284400796640834841e+01 -5.116089131025103320e-01 2.262402665516666911e+00 -9.084802325803376988e+00 3.082808466182137774e+00 -4.885698013839605558e+00
3.661830344938019177e+00 -7.781196845140133433e+00 -3.119166931770288809e+00 8.193084843358611202e-01 1.511179692231828753e+01 -2.552109890357438005e+01 2.685054679469998717e+01 -1.355712243857355404e+01 5.262685093749485121e-01 3.562714106869877551e+00 -6.752072258701603324e+00 5.519466933851211898e+00 -1.085973468215080118e+00
5.619536695621865086e+00 -5.929887945298860430e+00 -2.997572440360914303e+00 -2.874757676515513616e-01 1.893541725464595515e+01 -2.574832435093546223e+01 3.364110536684999886e+01 -1.291437465111024174e+01 6.685390751385098085e+00 5.046887922298670226e+00 -6.450107617503879176e+00 9.068413667269426881e+00 -6.658523005010726914e-01
8.728018759578983321e+00 3.547745232074755783e+00 2.941650381498061240e+00 7.480695403855079639e-02 2.576503410415837791e+01 -2.696981226422646927e+01 4.423648166277608595e+01 -1.323266775901155157e+01 -1.047244678508979021e+01 2.583905868605103517e+00 -1.146358206006421376e+01 3.734730514086774811e+00 9.480465644647464440e-01
