9.382864212532334491e+00 -1.399648441552679579e+01 1.560938270253237503e+00 -3.405792797391651305e-01 1.303902527663422539e+01 -1.772070403244142156e+01 2.192266905558373580e+01 -1.388601338884140723e+01 -2.527810361322418320e+00 1.383962107707990219e+00 -2.986029569183561438e+00 5.888421306797757548e-01 -1.514564785100791955e+00
9.832537601796786930e+00 -1.046782604033143116e+01 1.324621987891810626e+00 -8.314814651891623276e-01 1.782249986465417280e+01 -2.112866972465768356e+01 2.793700571514573383e+01 -1.500983756668299662e+01 -5.310451937104355480e+00 2.138879022257047513e-01 -9.218755628719890183e+00 8.363092556029252389e-01 -2.845215015601207931e+00
1.067181968962087524e+01 -7.966149158225645621e+00 1.503957985347176507e+00 1.183414922928926583e+00 1.947853550679635504e+01 -2.526964885246513148e+01 2.747402802094670093e+01 -1.512885211344981862e+01 -1.739189299575868208e+00 2.799087862483282230e+00 -6.769103348993413150e+00 7.295037405614519521e+00 -3.608731059423550658e+00
1.078837082231600952e+01 -3.821794874245397100e+00 5.069043045991116436e+00 2.726245977823066102e+00 1.646085409848952352e+01 -2.235943348731243674e+01 2.635299961044743000e+01 -1.146271520266756383e+01 -4.321917397380634185e+00 -5.319243238706405745e-03 -8.397567428722032545e+00 2.627765061651488931e+00 -3.240484779533576276e+00
1.119920396119343664e+01 -1.205969196684969713e+00 3.935081314365861171e+00 2.498533982715755997e+00 1.828492406254474645e+01 -2.267777388307121456e+01 2.753167041860074349e+01 -1.375489685109091376e+01 -6.225876444535675347e+00 1.586185298623510098e+00 -1.005018182994784937e+01 3.885092983145478129e+00 -4.569583198859843876e+00
1.153362231623591505e+01 2.836404192582921840e-02 4.607625746938047051e+00 2.162590681225111222e+00 1.624780902719010456e+01 -2.441151766107176613e+01 2.636289275679279953e+01 -1.387793920072739162e+01 -5.970820490021649718e+00 1.074797409868927467e+00 -9.882507056245458443e+00 3.406692542721782235e+00 -3.868477947834457975e+00
1.167485891702062695e+01 -3.092154691452950882e-02 5.028013837377113937e+00 2.698133133455971500e+00 1.381655784480592253e+01 -2.435045494606395522e+01 2.510784018104624593e+01 -1.143107947226287102e+01 -6.481296433778705790e+00 1.509794946765199652e+00 -9.129463736495132764e+00 2.989934009974247964e+00 -4.771222980521183210e+00
1.169768208434975953e+01 4.985847959643703864e-01 2.868646069104847651e+00 1.423841397180663604e+00 1.334742138619372298e+01 -2.553612665154181016e+01 2.455947664502985361e+01 -1.147558738892720775e+01 -6.598451721270722103e+00 1.735225996095916212e+00 -8.955235744438706291e+00 2.501992755797823431e+00 -3.649267995184448221e+00
1.170177258439879076e+01 6.767995487566106361e-01 1.745788750706067649e+00 1.012734249877219828e+00 1.159459448503372236e+01 -2.650562335821167537e+01 2.356135660309378821e+01 -1.033318809560264384e+01 -7.431768634379664284e+00 3.822720652874501690e-01 -1.172164117386484250e+01 -3.483493350218865026e-02 -3.796334433062545255e+00
1.176884567828170525e+01 2.279939688354473415e-01 2.069131817519802130e+00 4.863598571879235721e-01 1.200498587533407679e+01 -2.805961846084316136e+01 2.184909012462810907e+01 -1.206777959156621982e+01 -7.064104707555016738e+00 4.562355338595420196e-01 -1.076031806516624023e+01 -1.582084811552604053e+00 -1.604590721456780500e+00
1.192695171286736588e+01 1.547460818705161056e+00 2.193926802219287264e+00 1.400466875245139908e+00 1.432806361904355263e+01 -2.934175926057010031e+01 2.256065016518478927e+01 -1.300907346535227127e+01 -6.792350002129781572e+00 4.208659666102111174e+00 -1.191744241638939705e+01 8.790428889602056595e-01 1.872652506125049854e+00
1.196384227601949490e+01 1.195097066196617375e+00 1.962510865058002762e+00 4.115904221882843439e-01 1.410309722258369192e+01 -3.083518032697386246e+01 2.059771021800687762e+01 -1.273512132362823301e+01 -7.567028324520825855e+00 3.752638477436576636e+00 -1.024220802367908512e+01 1.356770228227796027e+00 3.106719106255670049e+00
1.192133995299625049e+01 1.789885073207771127e+00 4.286202047060752029e+00 1.117998156477133298e+00 1.417994800297193692e+01 -2.932262000413501113e+01 2.051077956899958465e+01 -1.243891474850286905e+01 -5.662193446457836288e+00 4.022449396424986112e+00 -7.711990901703789092e+00 3.257557955225444335e+00 3.158105568667040952e+00
1.192977131062625062e+01 8.270302884633262686e-01 2.836256590984809201e+00 2.413653662074599193e+00 1.260235220625529529e+01 -2.812077172701020444e+01 2.294372240351678016e+01 -1.104903005433629559e+01 -1.955626137194926395e+00 5.136559828428545416e+00 -7.923026999351871602e+00 3.685247747315598676e+00 2.867747107357998981e+00
1.207536551784685486e+01 1.972285907949506090e+00 1.906845187060491220e+00 4.811629595623921674e+00 1.089624891597370571e+01 -2.600431323027846275e+01 2.711256288896243660e+01 -9.535427312815295764e+00 -1.377066301920798930e+00 6.795722125135430502e+00 -8.695466941724747656e+00 1.987792429470614186e+00 1.188933166114968382e-01
1.216357563028150324e+01 1.179263827525559583e+00 1.840426925988950302e+00 4.234004637831604967e+00 8.220099151579347563e+00 -2.441052489332050612e+01 2.736851685017284908e+01 -8.980862930110163234e+00 -1.646409991914953741e+00 4.821126270079440168e+00 -8.218133115662823229e+00 4.238474818267663480e-01 -2.459349525237104039e+00
1.220866796721073477e+01 1.908515008486422637e+00 1.033406269922090948e+00 4.269759271756347729e+00 8.332350884807102176e+00 -2.285370571877849599e+01 2.807330681851771459e+01 -9.256787977928729205e+00 -6.755123340021543799e-01 4.531985921340041301e+00 -6.863493898409344318e+00 2.452603581828524323e-02 -7.512609187245126163e-01
1.233220613250659525e+01 8.436053414455796373e-01 8.601256911761595569e-01 3.587459970943311927e+00 8.315965383701438896e+00 -2.282850950852874305e+01 2.594842379245828567e+01 -1.016731420322219748e+01 -8.378388008155549516e-01 3.078817729938702730e+00 -7.510958896419329456e+00 -3.545845454616942227e+00 -1.590464959152147584e+00
1.272407670386854761e+01 1.125637045927997182e+00 2.247353320373030261e+00 5.002212313431642521e+00 9.268414050492213008e+00 -2.218321573764204757e+01 2.423105143646675330e+01 -1.158310066070229816e+01 -2.217473517708259401e+00 3.215072162424369218e+00 -9.998080756641902767e+00 -3.722498264817533986e+00 -3.109353148435046510e+00
1.279593079725239946e+01 7.568783560339035210e-01 1.789329466681770286e+00 2.492031616548018302e+00 1.008911050898671391e+01 -2.480865102981382009e+01 2.412752880362249641e+01 -1.303620146352996834e+01 -1.464926095469844203e+00 2.033060695533746909e+00 -1.004945760357691675e+01 -2.027071954394175979e+00 -2.652017604198262823e+00
1.283894689666535527e+01 1.058183162589118487e+00 3.515944445595768020e+00 3.798087396893399692e+00 1.026189539923418081e+01 -2.342731224079037489e+01 2.342526869973467285e+01 -1.111221397311484083e+01 2.289184125758793598e-01 1.794414994172350175e+00 -1.150469683215278494e+01 -4.268206425928181780e+00 -1.629277878134854696e+00
1.296386270678879526e+01 3.696050467901018433e+00 4.164670673093183950e+00 4.147338561400007784e+00 1.042815342369135045e+01 -2.232516507540344719e+01 2.533377815050976878e+01 -1.270394499991502180e+01 1.581222700932339853e+00 2.389526709612252997e+00 -1.016260348414459891e+01 -4.153853177118171480e+00 -2.948953477311804239e+00
1.299021301429918829e+01 3.990486829811596525e+00 5.811022603791134777e+00 5.813299954528397429e+00 1.231659312404698525e+01 -1.908230515606556921e+01 2.722530181514087744e+01 -1.398405166069720984e+01 2.317684537856723015e+00 9.955284560453088183e-01 -8.658952856576588530e+00 -2.070499929679638029e+00 -4.362910661792534839e+00
1.325031818350242752e+01 5.010406988825956809e+00 4.404690394420134325e+00 6.447996750249108899e+00 1.087546850296070744e+01 -1.938798004287653853e+01 2.726053532560233705e+01 -1.620443310843858242e+01 1.776681850395513296e+00 1.310185257395643621e+00 -8.467437159949499303e+00 -1.706382282847286991e+00 -4.620240320288198532e+00
1.333032140498792195e+01 6.490597863014778923e+00 7.253698523933630682e+00 6.790871464240295197e+00 1.048212004480313908e+01 -1.764733072318104945e+01 2.686777324724010896e+01 -1.529357789977541593e+01 -3.121659750914395626e-01 -9.610404221318700202e-01 -1.107064564816753283e+01 -4.332770832148563400e+00 -7.240377359807082414e+00
1.334532119543792206e+01 7.126745169404865798e+00 7.589800494888649496e+00 6.704702827004345167e+00 1.135312310027134863e+01 -1.874757866699231812e+01 2.598073861624630254e+01 -1.343257635518699367e+01 -2.870334863765576117e+00 -6.750885080401316518e-01 -1.328455094911523915e+01 -4.171684808441189496e+00 -6.174645987688920812e+00
1.355904678165434341e+01 8.481308952745740370e+00 8.583904760649904375e+00 7.770176644441037617e+00 1.062865499693084992e+01 -1.721691287793349545e+01 2.222112582396635716e+01 -1.462700670050610796e+01 -3.190727769619553733e+00 -4.742913997018687322e-01 -1.390084246973603399e+01 8.278868522262091689e-01 -5.677460670347544536e+00
1.391034598027747116e+01 1.033113300793973188e+01 1.019991992027238581e+01 1.088938431724398725e+01 8.771033791631221987e+00 -1.552066390889117287e+01 1.808487108264445098e+01 -1.721693153827260758e+01 -5.071464848800136593e+00 -3.561629923190583025e+00 -1.429433803118996060e+01 -3.381458366029846951e-01 -5.970318499875170382e+00
1.456799000548120304e+01 1.220976812908705966e+01 1.194280035727822487e+01 1.220954152501162682e+01 5.912392916525066155e+00 -1.125749919311751590e+01 9.116606882838617310e+00 -1.848791188156743459e+01 -3.817811789357931751e+00 -7.676429263255938551e+00 -1.112191799964342387e+01 -6.447834449801593593e+00 -4.666675173334957627e+00
1.527272045626066443e+01 1.404742681333528154e+01 1.143138049668825040e+01 1.639413297852660278e+01 5.443192775483786328e+00 -1.235030013104620927e+01 6.541928426313603495e+00 -2.150450221630281078e+01 -3.415873699327353741e+00 -8.313044178561179720e+00 -1.109412430180304199e+01 -6.452949846782436438e+00 -3.895521508362683516e+00
1.579558773527051585e+01 1.637248557234842394e+01 1.260982842164680484e+01 1.833575998293554576e+01 4.770846318558876753e+00 -1.410911895779022984e+01 3.521410048997702935e-01 -2.323583451091989716e+01 4.157871732873957171e+00 -6.809065941795122257e+00 -1.273394371591485985e+01 -9.918165449075718954e+00 7.347238828620012985e-01
1.588422160546134521e+01 1.746944459864326760e+01 1.408759008687541048e+01 1.630645539612248740e+01 3.310646503132511853e+00 -2.232675388472821876e+00 3.892207468262520731e-01 -1.877715917492811570e+01 7.670696519939642632e-01 -1.684014760202885208e+00 -2.675655674065148926e+00 -1.357572722097688001e+01 -3.086758456689069785e+00
1.647542667540885830e+01 1.925933119313852160e+01 1.007652047810637441e+01 1.414617707025458238e+01 6.001572298608993661e-01 -1.730665027057756333e+01 -4.750087635469665059e+00 -2.312178970007351353e+01 5.306998289451879458e+00 -6.408892312426356375e-01 -8.994176897250376612e+00 -1.391522910906192401e+01 -4.280818136818243858e+00
1.662545157712775179e+01 1.874572720420659522e+01 7.547935971060841354e+00 1.214193169984510767e+01 2.117024859973214657e+00 -2.158615977933321872e+01 -2.827143616138245719e+00 -2.295014842253557319e+01 7.004418692018502313e+00 7.033364505762302876e-01 -9.308647938878069183e+00 -1.407908533992485012e+01 -2.297486863872440832e+00
1.687531841868712235e+01 1.960173013373919915e+01 6.404548838088586216e+00 1.087365953718282618e+01 1.405373361260694676e+00 -2.641036722202509779e+01 -2.693673731693316586e+00 -2.309043839277853039e+01 1.197283740782584083e+01 2.632588833467361500e+00 -9.856734631493079490e+00 -1.150212169309217280e+01 -1.995370618870142332e+00
1.703603370835706698e+01 1.912794325539094942e+01 4.552993330079769585e+00 7.531545814844532671e+00 -5.139681125947461598e-02 -2.672749872965680851e+01 -1.704062986267744995e+00 -2.160055644325439772e+01 1.291191239037018335e+01 2.593331985975317000e+00 -1.041144889906495941e+01 -7.355165080214416840e+00 -5.197917275001104009e+00
1.716322280780350695e+01 1.964475318845153495e+01 2.603676604005392026e+00 6.310618365836565324e+00 -8.587995444376372856e-01 -2.554194262688004713e+01 -1.136192081158732270e+00 -1.516784068425331711e+01 1.135468866035684954e+01 6.445166105610117491e+00 -1.007170634256050512e+01 -4.811515093608600857e+00 -5.977452393580841239e+00
1.724832225870438052e+01 2.005743462166328683e+01 1.556728142497711687e-01 5.962234005349073662e+00 -3.303215797037771129e+00 -2.988010566356437536e+01 3.885206160195177727e+00 -1.747381581568669162e+01 1.456039771155878348e+01 4.892461826401563130e+00 -9.388900229370985784e+00 -7.588982798405161212e+00 -7.649652297277682145e+00
1.730879393797122745e+01 1.865152405351113529e+01 -1.128426877765822622e+00 4.124764400465773306e+00 -4.962298600676396276e+00 -2.967143551100280519e+01 5.598566047280570501e+00 -1.343245975093366162e+01 1.179367514103066128e+01 5.572842683564418031e+00 -7.758261388102005718e+00 -9.191166107863834256e+00 -5.830371700479043184e+00
1.712105135474965323e+01 1.825839688879496947e+01 -3.591901608285947844e+00 1.453153602982345305e+00 -3.738170697655416319e+00 -3.020955341985833442e+01 1.230164951017793840e+01 -1.446595913623054130e+01 1.601363705945417237e+01 4.151445035204323730e+00 -7.172359245849897924e+00 -7.257225602108619000e+00 -4.278454638686741696e+00
1.716734684467999017e+01 1.907748622083807533e+01 -5.557308357696725487e+00 2.088381838714676864e+00 -6.660470456556108587e+00 -2.882130057905998299e+01 9.553241780951321260e+00 -9.490537307356413876e+00 1.328721988086889638e+01 2.493358711097096503e+00 -9.453011563028386632e+00 -7.309142543707804585e+00 -5.795862960654353024e+00
1.709488832448679574e+01 1.827735753499110771e+01 -7.215415331112978059e+00 2.205748169283338722e+00 -5.754388769399591652e+00 -2.310341901205900328e+01 8.436024501568391898e+00 -5.952570617047428847e+00 1.091335424422435452e+01 -5.105250275197489307e-01 -7.978861872662723620e+00 -6.947579617365124527e+00 -5.888550062077024805e+00
1.737721064945723981e+01 2.223701850706480698e+01 -1.421089869874726830e+01 -1.156108453790594126e-02 -1.110925869193698290e+01 -1.795801425366904169e+01 6.288695180157692910e+00 -1.626712581922267420e+00 1.223286310004050925e+01 -4.895302077574706701e+00 -1.509816425924290151e+01 -7.628339872088880647e+00 -5.049493653424438122e+00
1.669748832033506503e+01 1.544327481567975902e+01 -7.809348233031903952e+00 5.857418524866065290e+00 -5.026903847891645682e+00 -1.740696875214699801e+01 1.239759038025326454e+01 -4.153687289458747323e+00 8.331182518569757889e+00 -7.815148159815944240e+00 -3.932362911533897609e+00 -8.068185354306539381e+00 -4.475872589559043213e+00
1.653392607204228781e+01 1.545029811861821223e+01 -9.699439594300654832e+00 7.445352968936949090e+00 -5.173981965773381653e+00 -1.648065443121043927e+01 1.321806664380216034e+01 -4.983247689872153607e+00 1.004883041996413162e+01 -1.100897981345590360e+01 -5.665540955612378138e-01 -9.232276533585935141e+00 -2.805805310749360792e+00
1.571200580367294819e+01 2.104312207348575470e+01 -8.354039918111686447e+00 1.325974315966042383e+01 -7.010144420531974951e+00 2.697948036660904325e+00 2.657499291689932708e+00 5.799401449256411212e+00 4.695481739296209156e+00 -1.495397309060707336e+01 4.578576526473144170e+00 -5.995158048241918891e+00 -2.216725459300432988e+01
1.585758249666027453e+01 1.558626794977947760e+01 -9.569293143109865341e+00 1.226193648996734531e+01 -7.807828686455821732e+00 -8.895479963665918532e+00 1.244100168261498851e+01 -4.468977771937502119e+00 5.536190740739061589e+00 -1.037693339316118113e+01 -6.614452451949391909e-01 -4.386562780928568550e+00 -2.102960593656692634e+00
1.560131800137889613e+01 1.374075467346246882e+01 -7.100673405955699735e+00 1.134099835934501677e+01 -5.345654094669098022e+00 -9.257506004105245268e+00 1.418233294099905528e+01 -6.597340628789601702e+00 4.610248984132962136e+00 -1.147414062643338539e+01 -2.924874874297054728e+00 -4.251187245848987217e+00 -2.114860324663204949e+00
1.530335689320338588e+01 1.321823908876453935e+01 -5.848023665722994480e+00 1.271515153172915902e+01 -4.691713111794041602e+00 -7.372901527307058167e+00 1.628761551914417893e+01 -9.373080841531265861e+00 4.754925798707069440e+00 -1.176556397479995120e+01 -3.396701884778773550e+00 -2.728431121404098825e+00 -1.869193120166571020e+00
1.491037792145426266e+01 1.190536665799063165e+01 -4.122378345593749494e+00 1.346368462705218327e+01 -1.766417399218375595e+00 -7.243481124195386478e+00 2.029386663897696508e+01 -1.064546228184207699e+01 2.915069334583179739e+00 -9.068977927351832946e+00 -3.758326092681361974e+00 -1.972641208829223336e-01 -3.251806231121643798e+00
1.441488881485527074e+01 1.291226347636065341e+01 -1.055793665693281147e+00 1.616571338417686121e+01 4.970750812856602252e+00 -1.694017193677151756e+00 1.985280986140821469e+01 -1.453824833317573351e+01 4.987146541601346073e+00 -1.307511440756633547e+01 -3.652849525278911269e+00 -1.505285575634438100e+00 -1.483650383185716404e+00
1.413497530939719660e+01 1.296880812099591651e+01 7.532341435831687804e+00 1.076701327861377244e+01 1.176983020457457840e+01 -8.580058313069422127e+00 2.368435425130772387e+01 -1.682585839646122139e+01 -4.067346047961823530e+00 -9.057488284437301473e+00 -1.160233601783757962e+01 -1.779229658929445179e+00 -6.684372120921414862e+00
1.375343743599169777e+01 9.330601894994199341e+00 2.959605960780251621e+00 1.594836476545677684e+01 2.121817240277010086e+01 -1.962859412738059106e+01 3.434073796748415930e+01 -2.795374074921855723e+01 5.519713681475683309e+00 -9.237207401777084437e-01 -1.416296876096687463e+01 -5.553243260341036880e+00 -1.181722257471279036e+01
1.306767564537338799e+01 8.531856223754854085e+00 -3.943433614443577206e-01 1.575056101579805024e+01 1.713999875195660394e+01 -1.230620801967431888e+01 2.278123077462323920e+01 -2.157481600227700369e+01 7.985401061394479250e+00 -2.274801849847341018e+00 -1.108772127032455046e+01 -2.171329796636904064e+00 -7.414047073793982534e+00
1.253549923110550957e+01 6.387153100265218875e+00 1.392412512794682034e+00 1.037790795172181468e+01 1.529946149172278069e+01 -1.368529353581203978e+01 2.488822276297976899e+01 -1.772798133672829479e+01 8.040226208908647365e+00 -7.214115061810998097e-02 -1.129937397327048920e+01 -6.663258491367666236e-01 -8.824814651973808211e+00
1.336098541189927147e+01 -5.750936727513825453e+00 8.827104404197529064e+00 5.775472097365734747e+00 2.437567463694680470e+01 -1.668719446868297140e+01 3.100713854607617748e+01 -1.208434168486837557e+01 5.697675556718654555e+00 9.216785902770082473e+00 -8.927505747385417578e+00 -5.181723339288890173e+00 4.890876010061284140e-01
1.257412812164552562e+01 2.909975781277346574e+00 -1.445361373564705509e+00 9.269245687842426307e+00 2.077915255669692129e+01 -1.679052365966463256e+01 3.978730001927996796e+01 -1.871711989001154564e+01 1.550175709614590502e+01 -1.315369340489300765e+00 -4.506526121217921066e+00 3.226234534112180974e+00 -9.508123119225034614e+00
1.305508587996699355e+01 -1.808317307924848016e+00 -1.747586328310274939e-01 8.557232015545331194e+00 1.934202735142880414e+01 -2.809884468204518981e+01 4.495345975648956482e+01 -1.646498095175692811e+01 4.294189692190490959e+00 7.641567883917787185e+00 -1.457888823132578615e+01 5.977703941289913558e+00 -1.022578192835545963e+01
1.216526340822078289e+01 -2.325710917902950800e-02 8.900830263982111024e-02 6.067627561343107878e+00 1.959218188898825730e+01 -1.987945785404126298e+01 3.615395777925734677e+01 -1.309231569548824048e+01 5.046609789579177274e+00 3.867457349518331533e+00 -9.278386646413069982e+00 1.836219720658033738e+00 -4.498560936529046650e+00
1.182022911511449159e+01 -3.293479131922651071e+00 1.653437951514569404e+00 4.796170652022777148e+00 1.757449513138634600e+01 -1.703538118725820993e+01 3.543469722402829802e+01 -1.289912394043324717e+01 9.150761808008320841e+00 1.746548999185550732e+00 -6.825158423340526248e+00 -1.590465992434468623e+00 -5.886598399369951107e-01
1.183928722560879798e+01 -7.789988308837164643e-01 -1.137486911250958688e+00 3.681179088564275670e+00 2.435074783879533555e+01 -2.618626345678329059e+01 3.502455515678290254e+01 -1.747885315727878819e+01 2.651323275173917970e+00 8.793311310601577446e+00 -1.376183824825917235e+01 -2.365088675990436151e+00 -4.527753193814016086e+00
1.043770619132702393e+01 -1.104024106589572007e-01 3.375627344920683282e+00 -7.920863684683518979e-01 2.193182807960447178e+01 -2.400861108204230376e+01 4.318180221197890489e+01 -1.352486700104474693e+01 -5.949263186363665135e+00 1.162197661366287882e+01 -5.136321031920405566e+00 2.790935192544179849e-02 -2.593350537321099658e+00
8.396301550187986962e+00 -2.604626259213591144e+00 4.244888679950366672e+00 -3.964834716755349042e+00 2.168470404934905815e+01 -1.602692544175598854e+01 3.801638954881433818e+01 -8.227086230162282021e+00 -3.560988551068271946e+00 1.103144711442621784e+01 -4.793900467545539890e+00 -1.712890732463320909e+00 -2.537221771534121650e+00
7.402771896424678033e+00 -3.419597630233795815e+00 1.189024963123104905e+00 8.649349796380837452e-01 1.528557845793154257e+01 -1.977646289698181903e+01 2.747658694048308448e+01 -1.002786541965142852e+01 4.679159142625961554e-01 4.091658201414710483e+00 -9.612557748647057920e+00 -2.327250780673926656e+00 -9.150131485135059028e-01
7.296473772713486738e+00 -3.438380205010175050e+00 1.329805392804819908e+00 1.585555452317340075e+00 1.631427821062153782e+01 -1.976744289990940473e+01 2.847553118083054002e+01 -1.026617484257906909e+01 1.007975279864887996e+00 3.606303450287510870e+00 -8.752772479477878065e+00 -6.707078747564192422e-01 -9.281023797362627503e-01
7.829201528829171863e+00 -3.081373691957559391e+00 -1.290665390922520084e+00 2.990525531108104484e+00 1.772644127191310304e+01 -2.375166015684969167e+01 3.260098861618844523e+01 -1.492830789719978846e+01 5.934660498750768731e+00 9.247843111066218480e-01 -9.298645002157080341e+00 -1.336586224714209958e+00 -3.541606011670911602e+00
7.486120530505675497e+00 -4.304613748667710738e+00 -5.594937566923612327e-01 7.426585179345998045e-01 1.885599567480983652e+01 -2.368154924999705102e+01 3.186780488159332236e+01 -1.567310493085246215e+01 -4.368603155125723170e-01 4.237529957032741379e+00 -6.435322844651274465e+00 1.805436732899847296e+00 -1.554449378788088865e+00
6.984513141211985854e+00 -4.579243264217800480e+00 -9.242915191796600149e-01 -1.711043905060620540e+00 1.790293291230118555e+01 -2.487151086256206511e+01 3.142955283654823972e+01 -1.656598796853938182e+01 -2.435629505401805117e-01 5.992664785116018855e+00 -8.061736476079381930e+00 1.440374559158256185e+00 -1.346302200182309949e+00
7.042660028805048711e+00 -5.553166983965523329e+00 -3.068358950213632141e-01 5.680394804979726825e-04 1.741106053757952665e+01 -2.521624378762088270e+01 3.273697723905583956e+01 -1.576357102656800890e+01 3.275404880266587215e-02 8.700848395509227728e+00 -7.164057026502583803e+00 3.840571321513741032e-01 4.318628502467579122e-01
4.474732700822110054e+00 -2.743876154305830539e+00 4.204380865915541277e-01 1.133688698072693457e+00 1.824711059207477959e+01 -2.573029105999736643e+01 3.374810262553143048e+01 -1.318378650545968256e+01 2.744427966944996689e-01 6.406994816744022714e+00 -1.236995167995822520e+01 1.371601256505464161e-01 6.270271050485567432e-01
4.355756867529867904e+00 -3.562900698203728567e+00 1.349782668214251524e+00 9.082438392717562259e-01 1.634693088403989236e+01 -2.377206269166612174e+01 3.137856578879267033e+01 -1.104389751787062224e+01 4.564474097014745158e-01 4.553257800709005210e+00 -1.235061477646944716e+01 1.052024356023872453e+00 5.785774443634197350e-01
4.750171481936911633e+00 -3.473508881539892457e+00 1.954569959989066685e+00 1.782118751707862048e+00 1.665923013604787428e+01 -2.256380706331381347e+01 3.235727251837290908e+01 -1.131262652258060797e+01 -5.361846659942750559e-01 4.001284782091330428e+00 -1.244255401917429893e+01 3.446170840086984377e+00 -1.315559631925750317e+00
8.477604877998047073e+00 -2.007836474358005940e+00 2.221236251926427929e+00 1.135149622506429168e+01 2.237614091529432159e+01 -2.872603716460285028e+01 4.200876800274334499e+01 -1.648126213292550801e+01 5.925851825059512912e+00 2.294825844891553057e+00 -1.228763658271675752e+01 2.952772006541448668e+00 -6.379471991083626392e+00
8.047563590049835014e+00 -1.073089982410275200e-01 7.107275995163346849e+00 6.940733278099776804e+00 2.483899843547476749e+01 -2.401163595119631466e+01 3.269289916876373780e+01 -1.588752105089340461e+01 6.883195782801099227e-02 9.186456577627671649e+00 -1.466661579807021987e+01 9.436129278576088630e-01 -5.523239602697576522e+00
