8.301363539539488912e+00 -1.554011434865312324e+01 1.173855192446067175e+00 -8.966941869466069637e-01 1.239014462778349746e+01 -1.805254813434582317e+01 2.279536541987645037e+01 -8.087215509205702091e+00 5.508761072049382923e-01 4.537841904341404664e+00 -2.162616145440074522e+00 -2.880009878499688591e-01 9.505175961333748313e-01
9.491311228900723762e+00 -9.096241791143388156e+00 -5.764019996441919202e-01 3.858300728443563032e-02 1.608059739686321166e+01 -2.533698491694331167e+01 3.609569953307473611e+01 -1.484881468690100625e+01 2.611556101798679030e+00 6.624054915602590299e+00 -6.719845261964275451e+00 3.014142735253352967e+00 2.808416399679156239e+00
1.030663281258102693e+01 -1.101536939257834469e+01 9.754895323057909406e-01 4.045358403702155492e+00 1.732329245852259447e+01 -2.308138381465517952e+01 3.113767062103048389e+01 -8.004439080758089631e+00 5.959277532547145595e-02 9.435201640188690675e+00 -4.080821821106037639e+00 4.234600234063882418e+00 1.346900129310976968e-01
1.065289169575689776e+01 -9.425989643230384019e+00 3.210666383028471849e+00 8.057920060232710568e+00 1.900520695924751990e+01 -2.041400840168238773e+01 2.729186224639571989e+01 -9.040672636232523374e+00 2.356044115918618953e+00 8.499712562034755337e+00 -5.780110062832656048e+00 3.544373994933469607e+00 -1.123811635536811515e+00
1.157976628095666349e+01 -1.123284647215395005e+01 -1.337324187474836848e-02 9.423021951970884658e+00 1.732666074103036280e+01 -1.910482802768128252e+01 2.320281421067927141e+01 -9.558454230082038094e+00 -1.298509738946561631e+00 6.407491971631003480e+00 -7.775660655438596081e+00 3.621299529456677657e+00 -1.612235724642626655e+00
1.176208184894193209e+01 -1.150630657566976112e+01 1.129901585778487344e-01 8.709631745177993878e+00 1.761355619604338685e+01 -1.839427009633303456e+01 2.442153264037831661e+01 -1.003717508457375196e+01 -2.519737277353331084e+00 4.815392153061291758e+00 -9.492717005317736323e+00 3.925040859688628370e+00 -2.211924107927204730e+00
1.224874572068943657e+01 -1.266280600367942277e+01 -1.664214610053377452e+00 6.848454841366790724e+00 1.747045269120171795e+01 -1.845239760351175207e+01 2.452142785926227120e+01 -1.089526000364569036e+01 6.130058594126642779e-01 4.660170157066859886e+00 -8.418210672599037991e+00 1.123329558523246341e+00 -2.647658062636458087e+00
1.248173915620005126e+01 -1.344212323676284448e+01 -2.938801107624249287e+00 6.810997910136089573e+00 1.508247768170748415e+01 -1.675112001489394586e+01 2.254376179871845665e+01 -9.930811624023874629e+00 -8.487063324425403454e-01 3.995463536757027256e+00 -9.553661477958625525e+00 2.050222815979406421e-01 -3.975459069285017577e+00
1.257256606814685895e+01 -1.290784372892064802e+01 -4.916121716910587303e+00 6.399943105304187974e+00 1.258956553750812191e+01 -1.748613427185805946e+01 2.031783934169576611e+01 -9.456306261770413002e+00 -8.133794260232729556e-01 4.564319026944603230e+00 -6.288483395992860103e+00 3.397148375120999653e+00 -1.865138354878939753e+00
1.198056110436138866e+01 -9.331130718219279530e+00 -2.588260623991792464e+00 4.836719051167453820e+00 1.680988102973565290e+01 -2.270565302891419535e+01 2.458316584055484100e+01 -9.856198302760351027e+00 -1.451940213364200538e+00 7.502419875970827157e+00 -7.479755312680850921e+00 3.101384199366047589e+00 6.498133339582210510e-01
1.252072210243547268e+01 -1.240952385986850715e+01 -5.226433252723427181e+00 7.513265842362903513e+00 1.060597166927341206e+01 -1.922037056052122139e+01 1.775980935221333468e+01 -1.198251116625418611e+01 -3.304400033872620046e+00 1.653961995861739753e+00 -7.381819415321625222e+00 1.610881458357083851e+00 -1.087168995246177161e+00
1.268777515093156261e+01 -1.078442688839498942e+01 -6.327809283682085173e+00 1.111595598017751918e+01 1.299939238841207612e+01 -1.585579060870995782e+01 1.654969850396533104e+01 -8.907056245844366060e+00 -2.547273568277701905e+00 4.291681870894222151e+00 -6.431985462598268199e+00 -6.354294997751082086e-01 -1.485622965711278276e+00
1.279101488748519166e+01 -1.066577781421054816e+01 -6.040791834235215596e+00 9.613792751185167518e+00 1.293861157849253729e+01 -1.710547787016959731e+01 1.753577648082006846e+01 -1.035561750726158969e+01 1.099672127337498084e+00 5.302482772611480932e+00 -6.737111377383215860e+00 -5.320607036114212152e-01 -1.160324797391246943e+00
1.188723321009246270e+01 -3.192657736426208981e+00 -5.770155443248428107e+00 4.920217719482436469e-01 1.457637327865251820e+01 -2.534310624345062735e+01 2.832067658500859153e+01 -1.639824556314386328e+01 -2.138874282645763181e+00 9.673520722924878967e+00 -9.586428716241822912e+00 -3.580823191025555574e-01 -3.877084252440568868e+00
1.248668289130742437e+01 -4.518851322599322984e+00 -1.066429510914347789e+00 7.447087547161489240e+00 1.738039215952186112e+01 -1.639426348975810299e+01 2.170618838871914846e+01 -1.455530058280164774e+01 -6.314119845756652083e+00 5.079986152864805149e+00 -6.880213070273923037e+00 4.850523157712418598e-01 -6.316214578498428267e+00
1.089503751606805970e+01 -2.067632214922438205e+00 4.746967837057292527e+00 -1.566951876772423091e+00 2.368993503320731620e+01 -2.030523436662384640e+01 3.809020730776077812e+01 -1.579613389699285619e+01 -7.197606836669616648e+00 9.353766534729071935e+00 -6.651785407231539438e+00 1.360735509593038239e+00 -8.130665138010176207e+00
1.296268682302970632e+01 -3.271209230178105720e+00 -6.229463853117831462e+00 1.417290874650525900e+01 1.885933541802679159e+01 -2.479341911266723031e+01 3.072387346784866224e+01 -1.776597206414383834e+01 4.168020188096946299e+00 4.043875176335302690e+00 -1.034289003466370360e+01 4.383606398784340996e+00 -8.185488720378980787e+00
1.630768778823015808e+01 -1.234830974357696398e+01 -1.149901667977399633e+01 1.599091596072821631e+01 8.680941992135199570e+00 -2.543855716786017496e+01 2.202883347974146488e+01 -1.894187723407811674e+01 1.827695500146543583e+00 2.954000899950415260e+00 -1.581923958529914742e+01 1.332617457600984956e+01 -1.418813686265485963e+01
1.590884645955924981e+01 -1.250645569365884491e+01 -8.974904422942371340e+00 1.367093052679243215e+01 6.569012329694327690e+00 -1.720547010919331754e+01 1.178206854158583106e+01 -1.432006158900220605e+01 1.134125001714630709e+00 -4.346495227930146754e+00 -4.940246715774137876e+00 5.515199891887660577e+00 -6.398950525100862485e+00
1.657654861661322698e+01 -1.349524089638486402e+01 -1.096998592978475884e+01 1.533197949241887237e+01 7.076041594443209348e+00 -1.564951854179087398e+01 5.823851190568950287e+00 -1.588738081993086126e+01 -1.362319290778350733e-01 -6.247347914263199797e+00 -4.371976505081180520e+00 2.005289119965678601e+00 -7.097945969210445405e+00
1.728388480644110103e+01 -1.494474392226680592e+01 -1.367413848957141909e+01 1.578273322847758209e+01 6.977932678334762606e+00 -1.316146801002363986e+01 6.422983284850952934e+00 -1.525060770837942847e+01 1.187128740901393087e+00 -6.977418782326578750e+00 -5.028261568877677945e+00 5.566047763939235615e+00 -9.356886492299462788e+00
1.771871765595918902e+01 -1.557036745518766629e+01 -1.406996655294303089e+01 1.455470854891952470e+01 6.243827233519419373e+00 -1.160329055226324790e+01 7.105148696620338988e+00 -1.682974463814324650e+01 -3.480770727996037817e+00 -6.501425015385341233e+00 -7.591546575650474082e+00 8.289718247957663877e+00 -8.891366639646099301e+00
1.848327355460859422e+01 -1.528262371431640076e+01 -1.756686876076019033e+01 1.792193838848428911e+01 6.547425472985252348e+00 -8.835842713316013786e+00 7.120084993295077602e+00 -1.655158198540427605e+01 -3.375798580671292015e+00 -1.007443702276066233e+01 -9.645338197408962699e+00 3.597882301660651816e+00 -1.064295218061656456e+01
1.847533905781661900e+01 -1.402343446435746266e+01 -1.686016924886408930e+01 1.754521547987063812e+01 7.843349423412486310e+00 -7.080553424648396543e+00 9.912216297173566559e+00 -1.850209683556822782e+01 -2.615717300148998170e+00 -1.176341100154250086e+01 -1.289347105135495930e+01 2.839091015421584707e+00 -1.215203046907614493e+01
1.826911499797678573e+01 -1.194477214557941558e+01 -1.531582518690985850e+01 1.744883628410018517e+01 8.871283709566673892e+00 -7.144672711875148075e+00 9.904129182202304094e+00 -1.990893460090832434e+01 -3.896010769981121502e+00 -8.613283493932252455e+00 -1.266330314814225666e+01 2.826017216977047219e+00 -1.368514554072348233e+01
1.807087762282667498e+01 -9.643121296589134417e+00 -1.429926274050321133e+01 1.691783361939450003e+01 7.149997329719297134e+00 -3.815448239711621614e+00 8.438105490141218468e+00 -1.846081747927830108e+01 -8.644268655640308552e+00 -9.377544966060655796e+00 -1.594905395609065657e+01 2.974683528800859289e+00 -1.418183861093243081e+01
1.794018398959136462e+01 -4.992157309585873115e+00 -1.246682014283277340e+01 1.733073353361786317e+01 6.138131602332064674e+00 -2.747706794766013427e+00 7.598311400791621928e+00 -1.889460695110718902e+01 -9.233010733370200285e+00 -1.025805221828546543e+01 -1.232805433050569910e+01 3.681196469052453235e+00 -1.287216294517500970e+01
1.789947072357362856e+01 -1.338155897069789990e+00 -1.237433290852782619e+01 1.926253758613023237e+01 5.097911882321298549e+00 -1.786668891238196721e+00 5.819056813405363293e+00 -2.138328763959909651e+01 -1.138843726293236180e+01 -1.331288453272009242e+01 -9.968880196762361479e+00 -4.251286710936491575e-01 -1.075394543235227829e+01
1.771799519024873604e+01 1.891728642613292655e+00 -1.162956822632373566e+01 1.922720648420369827e+01 3.417186572445239712e+00 -2.570902683101401909e+00 4.238741512286305912e+00 -2.250367862192143065e+01 -1.137885874715322565e+01 -1.233848671412791731e+01 -7.032708427735186341e+00 -1.140873297194919145e+00 -1.214954588012986569e+01
1.758128562148461072e+01 5.024497260174031865e+00 -1.067804700862638789e+01 2.194749478099577189e+01 8.816307202886032313e-01 5.684816259502365465e-01 2.513375678811793801e+00 -2.168321455223715333e+01 -1.192028480689547898e+01 -1.180417343044731737e+01 -6.278613746474101198e+00 -2.442155029276550593e+00 -1.049248277528687012e+01
1.753068498285283638e+01 7.239523751847723787e+00 -8.792077925538196226e+00 2.216495640791140787e+01 -1.827198808446311107e+00 -1.241119918794538479e-01 2.478592713939495429e+00 -2.117204732563635261e+01 -1.155596269500095374e+01 -1.072355640357338125e+01 -7.315621785584753844e+00 -4.008658664906817215e+00 -1.192213398063681851e+01
1.734249706274126623e+01 9.454939776343483260e+00 -6.300885980578525114e+00 2.629467810050795151e+01 9.853818157774337783e-01 2.165625557928159584e+00 3.307353819003850059e+00 -2.175561306918314841e+01 -1.174283468674932074e+01 -1.456327613693724921e+01 -7.449674527388936873e+00 -4.933525811088896873e+00 -1.254449672179068820e+01
1.734685919745003346e+01 1.297570263878045793e+01 -4.983711690800694427e+00 2.718923859018741140e+01 4.274058377281910737e-01 1.742470720050820487e+00 4.093088542724756529e+00 -2.091244074252093199e+01 -8.722053008026414034e+00 -1.641761833239172930e+01 -8.639704483875940255e+00 -4.696845016817094098e+00 -1.352910645351234997e+01
1.730313781594726663e+01 1.458583055119056304e+01 -3.583532741842165414e+00 2.714241257585602796e+01 -9.393450193350687538e-01 9.258264890716330076e-01 5.582717387565256928e-01 -1.871817031220600569e+01 -1.075547668969766058e+01 -1.555331342410196527e+01 -7.677417749737498021e+00 -6.438200973483580114e+00 -1.360783324114785842e+01
1.719747980739424520e+01 1.503717912600901307e+01 -9.387273143412652177e-01 2.450138761003914922e+01 -2.263167491160591016e+00 6.404724421084442842e-02 -3.045033940000081360e-02 -1.611277419306134462e+01 -9.059697729380189912e+00 -1.475999553104524153e+01 -1.056766532402168401e+01 -6.364636809841642595e+00 -1.728740195464783724e+01
1.768216122239518739e+01 1.851768788679914834e+01 -7.174936007718105913e+00 2.333874149721997426e+01 1.010105481321754928e+00 1.189348802456770215e+00 -6.017447305720931894e+00 -1.910501868760276878e+01 -9.251898076744488719e+00 -2.468398262251659148e+01 -9.531936978254581305e+00 -7.460867496474545391e+00 -1.981992384247976347e+01
1.692502059667297942e+01 1.776307099153255464e+01 1.024122713549901587e+00 2.253162678639647254e+01 -1.852258191089479977e+00 -1.074158214138092537e+00 1.126497445495438371e-01 -1.272740698890538091e+01 -8.061052921397729776e+00 -1.860698470170953911e+01 -1.720412342373039039e+01 -6.172014729922862486e+00 -1.519363532103862902e+01
1.677910839879429261e+01 1.848977030486878448e+01 8.141635172461298975e-01 2.192535933793576675e+01 -3.202947519287542733e+00 -2.151005833215623220e+00 -9.822731699516622506e-01 -1.047985467847554375e+01 -6.324062966940745767e+00 -1.743787358714234514e+01 -1.773134258692698850e+01 -7.416547843920250571e+00 -1.647662222876017779e+01
1.657253525516667736e+01 1.889999726299071980e+01 1.605211763669887270e+00 2.259123937092959977e+01 -2.804224439226645771e+00 -5.370156536240938472e+00 8.380064191304186227e-01 -1.146677055111459786e+01 -5.787914189812490839e+00 -1.589487913956350518e+01 -1.800629189526948792e+01 -6.976957378525557196e+00 -1.620522518470761852e+01
1.633967250332207044e+01 1.613164744404819828e+01 3.682865945007855135e+00 1.845061493489176030e+01 -2.186554018455727721e+00 -5.605664935768881030e+00 1.527865906314525457e+00 -1.197283081009517325e+01 -5.672062456189335578e+00 -1.955920244287174015e+01 -1.626340275155845561e+01 -8.277898509893701018e+00 -1.455464688239842097e+01
1.611111377332243322e+01 1.609647273353578711e+01 3.343769563161381964e+00 1.897881383164024527e+01 -2.373171373532644512e+00 -7.051244492314928003e+00 5.278366075372286303e+00 -9.983431027737230679e+00 -4.929468102329988888e+00 -1.929489559688740385e+01 -1.950158730502430871e+01 -1.023777858390584505e+01 -1.213377145824241587e+01
1.585049944464373084e+01 1.576074633130134117e+01 4.789742737553702945e+00 1.740287421705884086e+01 1.600539484479863717e-01 -9.842038022803794917e+00 5.461000713066637147e+00 -9.864219883555248813e+00 -2.299464340899076920e+00 -1.507086496505269579e+01 -1.861568272463166096e+01 -9.941692703332893899e+00 -1.166528007554321889e+01
1.567379371189682935e+01 1.567829088999583753e+01 6.196131409970138115e+00 1.683212179884584714e+01 1.810103614415460582e-01 -1.643474416185635434e+01 5.702428963638547899e+00 -1.340421680750413636e+01 -1.426960039070618080e+00 -1.188948003792278385e+01 -1.943849889221732141e+01 -9.909493399599194063e+00 -1.152168629232671826e+01
1.530472598905753756e+01 1.632953464718467984e+01 7.788176884146586154e+00 1.588868332666281624e+01 -1.063489917388565908e+00 -1.255121785891867781e+01 4.659582958356972782e+00 -1.149980300403507272e+01 -5.154964561040241477e+00 -9.449330726862141816e+00 -2.156969624880394676e+01 -8.085634324989229071e+00 -1.328505626400703576e+01
1.473378079177816424e+01 1.534620350562725299e+01 1.005644231684861722e+01 1.477272562447279824e+01 2.036030936861660950e-02 -1.083006025242795900e+01 5.216388690078011869e+00 -1.221561918869678465e+01 -8.033660538400005935e-01 -8.947871396311789738e+00 -1.709309404623644113e+01 -1.052350945740806054e+01 -1.823576291614658373e+01
1.500073601530568723e+01 1.435034181478745197e+01 1.276835179018375399e+01 2.128893759779734296e+01 -7.660158436067634469e+00 7.422429825194525321e-01 -3.893074478476684086e-01 -3.295312096057288365e+00 8.645479825119130268e+00 -1.268564584828931707e+01 -2.034400940280123038e+01 -7.126496477145174424e+00 -1.144418952589164462e+01
1.382539264995316586e+01 1.438611139175840137e+01 1.091276191900323234e+01 1.913648293175495141e+01 1.095052130246053679e+01 -2.067291959597874040e+01 1.324837908226251137e+01 -1.837855047274257458e+01 9.351575691575998661e+00 -1.324811986034042732e+01 -2.510203082455788604e+01 -6.312061234791615405e+00 -1.260143769659080526e+01
1.334663546485360719e+01 1.191421094298851280e+01 1.037733150688709038e+01 1.256648996285520603e+01 9.894252824685985104e+00 -1.014513114191625576e+01 1.030138042341791937e+01 -1.274111827143485698e+01 2.047392613544954276e+00 -4.751280222639960193e+00 -1.400195316399618939e+01 -9.309755658472864681e+00 -1.698148333285500655e+01
1.284352006555074510e+01 1.002482629873978048e+01 9.498241414206990640e+00 1.155506930922401843e+01 1.031837852739600159e+01 -1.086541845912735837e+01 1.618382230183766879e+01 -1.177183979414019710e+01 3.464032851977340233e+00 -1.093013944399519932e+00 -1.288281909039653073e+01 -1.077903757645201388e+01 -1.977286114874730316e+01
1.244613427675018080e+01 9.762042466714699884e+00 8.964819254585231434e+00 1.066538762605092749e+01 1.105224625778230951e+01 -1.468630505338270886e+01 1.979552205858088598e+01 -1.050104353540128521e+01 9.265850244705202410e-02 2.967537097554086012e-01 -1.343061955039577171e+01 -9.110169159415152151e+00 -1.644912233874432417e+01
1.184463922673138647e+01 8.107374052659547914e+00 1.141420931641476599e+01 9.547018468361791577e+00 1.814594378904349270e+01 -2.164447517154523482e+01 2.355442214378080479e+01 -9.289860192069035350e+00 -1.819402093847508395e+00 1.360361480032015846e+00 -1.663390381283367958e+01 -7.752777499733663369e+00 -1.566102093556721186e+01
1.151310664601604650e+01 6.743111282692320074e+00 5.555379913198589925e+00 7.495854783609881444e+00 1.279553160439728821e+01 -2.052545966112032971e+01 2.425538292247705741e+01 -8.854290310054718560e+00 2.359822989766946044e+00 3.305013643425549485e+00 -1.224853177972059903e+01 -5.060469848967112050e+00 -1.163465251470955941e+01
1.149350366078744301e+01 6.606116119184422431e+00 3.764817900121316008e+00 1.013605474043564492e+01 1.277312662283353184e+01 -2.268433544199053031e+01 2.990077582251698729e+01 -9.181442717669549225e+00 1.364689931657231181e+00 3.604189528965644929e+00 -9.475290709851885040e+00 -6.270596404259084267e+00 -1.453818502961321890e+01
1.096401213253022533e+01 3.491302863996495809e+00 2.355640430524946982e+00 5.928803107475376422e+00 1.490682875411956765e+01 -2.131059288489888104e+01 2.825882611217280527e+01 -1.085302149566500063e+01 -1.188258122672370548e-01 8.632824825400305935e-01 -9.919554823985439640e+00 -5.261376988229803153e+00 -1.053000943614150486e+01
1.062449108024587652e+01 1.671564998870381347e+00 2.824919902249942716e+00 2.664755154367274503e+00 1.586288791468152404e+01 -2.557182989062264866e+01 3.253177940288507841e+01 -1.604430383808279714e+01 -1.623081587911859636e+00 3.752401736330578164e+00 -1.371502784750490811e+01 -1.582217882693296218e+00 -1.086126483645380958e+01
1.038718735926051195e+01 -5.419581302443976512e-02 3.127926494314767325e+00 2.727043677247530162e+00 1.734505578257533287e+01 -2.354313926072606122e+01 3.233642879038801254e+01 -1.262074058303356949e+01 -1.320458682437898879e-01 1.626845222134308155e+00 -9.185893572188060574e+00 -8.232837192342752630e-02 -7.121478090872772171e+00
1.044592623073714677e+01 -7.342970406939738348e-01 2.552899726486657084e+00 2.715471826305945413e+00 1.996892095103464371e+01 -2.253560513796694309e+01 3.501828506461427537e+01 -1.137865031859188925e+01 2.880331000658393759e+00 2.036316832171028768e+00 -5.613750559449202981e+00 1.937000758559691116e+00 -7.685412263331815375e+00
1.026344428879176363e+01 -1.429043605141561146e+00 5.324205184415228942e+00 2.808571667812428174e+00 2.336145705534565664e+01 -2.491301723738457952e+01 3.354995605516722890e+01 -8.307221918739417177e+00 -3.299190339054175247e+00 3.105395664535003153e+00 -1.097992754569551543e+01 2.984644860062083960e-01 -5.784757744742023533e+00
1.049252155006657716e+01 -3.499696341807881694e+00 -1.109446229570675069e+00 3.098283254280355337e+00 1.539050567725573160e+01 -2.294690130752703183e+01 3.122042971981366932e+01 -1.082602679911586918e+01 -2.018774861448036528e+00 -1.427984141430333587e+00 -1.071888350381491151e+01 9.329666242976540902e-01 -6.162242439049730791e+00
1.037969001296353255e+01 -5.087078076747440392e+00 -1.667101846379689833e+00 2.112086317853625772e+00 1.555615187564502655e+01 -2.124546042899026688e+01 3.092208367843019445e+01 -8.458222387942871734e+00 5.878690504528271132e-01 -1.585778738973544266e+00 -1.106570585722108646e+01 -7.822415499622034640e-02 -6.710270103617381743e+00
1.044013658589873295e+01 -4.319561688321258863e+00 -1.318721411837135704e-01 3.475749964718179097e+00 1.572795138706137585e+01 -2.410883321939646251e+01 3.120251832361445921e+01 -7.878693177143012427e+00 2.076698042096959185e+00 -1.788592690833645804e-02 -9.953136705284723718e+00 -1.199672799961160274e+00 -7.253986360028379821e+00
9.992339821268382494e+00 -3.607393958817737278e+00 1.369321429532917689e+00 2.672953308413336670e-01 2.071846853583961945e+01 -2.598747855092477366e+01 3.355082658930215445e+01 -1.047643911588121668e+01 -3.463520134871392653e+00 2.748419824258753863e+00 -9.207764652773660075e+00 8.253043794303760450e-01 -3.291289975326970207e+00
9.674133750987541802e+00 -4.257674150470387886e+00 5.387124280212229444e+00 -4.273383304443742148e+00 2.531113193201240819e+01 -2.148871065271318059e+01 3.614037682634428705e+01 -1.134370041060243750e+01 -7.748959361353555231e+00 8.421761717511795808e+00 -6.046395473565115530e+00 3.805138771588041369e-01 -6.051154779381725746e+00
8.938551128154657022e+00 -1.568586684972622614e+01 1.275700661610252196e+00 4.798507058357803778e+00 1.438833744775407020e+01 -1.371972249584154646e+01 2.178138473804106567e+01 -4.986089338977738095e+00 1.210894815744374853e+00 -1.954537450894737960e+00 -2.750103691454187427e+00 2.336285135179989148e+00 -7.578493360537610357e-01
7.296195604370905308e+00 -5.643935759403196251e+00 9.014889393659930583e-01 3.340235954709029897e+00 2.220810526115736749e+01 -2.426485525461190562e+01 3.158342618936915969e+01 -1.071995573084621789e+01 -4.202980487301994472e+00 -1.613849962461371135e-01 -1.068841617634116581e+01 1.257524793222759119e+00 -3.140204712050763458e+00
8.069710641000575890e+00 -3.947346284522840865e+00 -3.534366591659201973e+00 5.482443486655231624e+00 2.443940832533714058e+01 -2.509576134612960985e+01 3.118873725962259158e+01 -1.504573153007970987e+01 -1.908185352797753476e+00 1.488161452357350756e+00 -1.151534435926680011e+01 6.099545123209771935e-01 6.452147838247097589e-01
8.681274158158933218e+00 -5.415727481974213831e+00 -4.131955076280787509e+00 -5.063701318088851266e-01 2.431306831739116703e+01 -2.969553667708520805e+01 3.746082410626953418e+01 -1.474102225680175415e+01 4.507172388049895062e+00 3.120530352850186429e+00 -1.029487518256974887e+01 3.148929267409033450e+00 -3.045393481181667639e+00
7.401592667489318877e+00 -8.761635912225274936e+00 -1.128031557069219815e-01 5.247850409568358687e-01 1.789384849917862397e+01 -2.599364365440565905e+01 2.747928514174035186e+01 -1.230265530302370358e+01 -6.291777002625548176e-01 2.278981174147140631e+00 -9.037270414161984178e+00 3.388278606612336596e-01 -1.750170666189186708e+00
7.002713748168997832e+00 -9.515067288144836155e+00 1.253807385304787747e+00 5.932573502867135584e-01 1.800138777180971417e+01 -2.375220438008471646e+01 2.746339498528662659e+01 -1.100355214282580540e+01 -4.413103944046246618e-01 3.898084126322002074e+00 -7.332255903003251696e+00 1.810413340759222001e+00 -1.409691352450281210e+00
