1.018294015429250798e+01 -1.831058060145786826e+01 -4.812654879963961463e+00 -1.836884260530034396e+00 1.063359520111582768e+01 -1.611092785125367044e+01 2.205638105143277272e+01 -4.501794804587557763e+00 -2.900106820598308044e+00 4.155840852388796414e+00 -1.101664536555389340e+01 1.120816919175972481e+00 1.157165393905023043e+00
1.140211647394245986e+01 -7.878914686325477756e-01 -7.220769986215572089e+00 2.800680470419401491e+00 2.302088313516671292e+01 -3.491190491274521435e+01 4.329203172287103030e+01 -1.485580737325387268e+01 -2.256157698650402388e+00 6.598504236110907861e+00 -1.528236577896728221e+01 2.293167597842525218e+00 -1.824469666202072293e+00
1.059529978567615593e+01 -1.217380897969482767e+01 -5.273254331420742069e+00 -3.037621609266712319e+00 1.763321481561869675e+01 -2.099606645491925150e+01 2.423209936252559515e+01 -1.299697086534383317e+01 -7.160596450967056548e+00 2.393153015750726809e+00 -8.753971074736075053e+00 -1.331349257166318800e+00 -2.409848738138756996e+00
1.087133799745430274e+01 -3.654935563794234454e+00 -8.448742190990110590e-01 -6.672953850600373826e+00 2.536629311826228417e+01 -1.885321676070581631e+01 3.895097444580999024e+01 -1.307408395256072353e+01 -6.532108862289424778e+00 4.452488354586082941e+00 -3.421988441980179374e+00 -1.157829848133851147e+00 -3.802910547619235082e+00
1.173473612894369111e+01 -9.820757640898996499e+00 -2.460320389618102510e+00 -4.635587107251331052e-01 1.683489633604466817e+01 -2.678143023858400085e+01 2.413432657668371561e+01 -1.104279755873062996e+01 -4.044721500522254765e+00 -5.245400797509106594e-01 -8.139689363981377213e+00 -1.811462295062657324e+00 6.409526260365583372e-01
1.236294975416709008e+01 -9.813144728936531891e+00 -3.376899132516099744e+00 8.519942701773385307e-01 1.896224247915491645e+01 -2.766547868489614359e+01 2.687358787162689922e+01 -1.311926650619784418e+01 -1.357079241258594582e+00 1.527311726179600093e+00 -8.244739978082373355e+00 7.766021568634489114e-01 1.810795651777729054e+00
1.189061327166643700e+01 -1.103031366803678104e+01 -1.507763125022362649e+00 -2.544848983130639786e-01 1.434385808060358514e+01 -1.678040138311635943e+01 2.060209080541626037e+01 -7.210403041895087739e+00 -4.429359157195161600e+00 2.006643645910883844e+00 -8.158356929482938114e+00 5.911226245145747571e-01 2.248343461718124825e+00
1.399633185586937678e+01 -1.077732803347270085e+01 2.518581712368635372e+00 1.502407527042525004e+00 6.489705649047013303e+00 -6.372211978129564969e+00 6.805906610157720138e+00 -3.832159256927194946e+00 -1.257089237021515871e+01 -3.203439532042368310e+00 -1.180282833961022959e+01 -3.076868489690228969e+00 -4.073205125329050214e-01
1.443266765671134699e+01 -1.851783652825571336e+00 9.763644667868305760e+00 -2.281949737888656848e+00 4.946167548973062544e+00 -1.172064644939639466e+00 9.918776849733726975e-01 1.042507774388812924e+00 -1.782459621657741167e+01 -5.900704571634135753e+00 -1.720149269946314163e+01 -6.862625583403219487e+00 8.431739928181825050e-01
1.232412843752818432e+01 -6.658469421493663276e+00 3.120647069809455942e+00 2.404377159407776521e+00 1.409820246214601269e+01 -1.146026150473361227e+01 1.967366295343870419e+01 -9.116090706853896108e+00 -5.114970804048821762e+00 8.084169019370794906e-01 -5.725765888538101756e+00 -1.406306969646422267e-01 4.899255772242065987e-01
1.255936826620378888e+01 -5.788754542385196267e+00 -8.031579068487689765e-01 5.329239249696416714e+00 1.186997855325265050e+01 -1.399017682784995920e+01 2.052156776766747015e+01 -1.650339073517388755e+01 -2.441674067428201145e+00 -4.084015602523105137e+00 -6.073514667360156771e+00 4.430185044417635609e+00 -2.898160864495511468e+00
1.343541848104370651e+01 -7.996192729968591983e+00 -7.305122634253729430e+00 1.382931717502560609e+01 6.209798897174523269e+00 -1.054899129921912682e+01 1.925806115025190834e+01 -1.573660948256133985e+01 -4.243288949783045189e-03 -8.976235612886053872e+00 -2.067568850775235223e+00 -5.521199271029241656e-02 -3.610774388150818304e+00
1.471861632098767636e+01 -1.088715802807027622e+01 -1.094989669615863903e+01 2.079770920840336146e+01 1.427939708550468145e+00 -1.039100859379628083e+01 1.643310368936072408e+01 -1.098995663789881228e+01 -4.853661630711519237e+00 -5.982203542068225133e+00 -2.534134192666654961e+00 -9.901945666533429335e-01 -2.861672784706679629e+00
1.554855852384052461e+01 -1.063771336064337980e+01 -1.499219510788240051e+01 2.425859824645425178e+01 -7.979426414340661244e-01 -8.007666414785775899e+00 1.575219207702205715e+01 -1.139461074473972424e+01 -6.293613447430772112e+00 -5.513506097268041195e+00 -4.465106157989873203e+00 1.375792011087304978e+00 -7.286532534254883231e+00
1.612116267980821149e+01 -1.345549580296176195e+01 -1.317728920970276008e+01 2.262501091280135768e+01 -5.382587801462109800e-01 -1.012343030422941403e+01 1.793822430753517239e+01 -1.060058538130941308e+01 -5.681932883957795610e+00 -3.949548749525214397e+00 -2.809003125302196757e+00 2.522484398790945992e+00 -8.014036815526903723e+00
1.658666551335394956e+01 -1.573581580503130795e+01 -1.268224747278177666e+01 2.089643428269574343e+01 -1.009321200280654640e+00 -1.031429678577688236e+01 1.519118216966125345e+01 -1.179703607543570598e+01 -6.018484502358366406e+00 -4.550205384852286095e+00 -4.260448552979521075e+00 2.705203802891576359e+00 -5.276735242513999502e+00
1.699791718524928896e+01 -1.914991842418517010e+01 -1.121100320611992096e+01 2.206682141466031410e+01 2.747866279330027361e-01 -1.040980170559650198e+01 1.710651324014884622e+01 -1.027183258142219557e+01 -2.218639068439268947e+00 -4.837622658471070203e+00 -5.744805068614072141e+00 3.499390484288963599e+00 -7.288630816051427708e+00
1.754227187916196229e+01 -2.207369268844016474e+01 -8.132513330588793110e+00 2.187592371489808940e+01 -1.350552499805749207e+00 -1.502594450019534200e+01 1.926321686635745678e+01 -9.259182887769824788e+00 -7.906438775495157500e+00 -7.787116470141493885e+00 -5.289539116066204194e+00 3.257539748666598012e+00 -6.654188732640714754e+00
1.772324710948617010e+01 -2.105177324355463142e+01 -7.915450610776480822e+00 1.935356952493462757e+01 -1.539021870809155645e+00 -1.211631142802843897e+01 1.723551410572271791e+01 -8.162919152567992498e+00 -6.881715566146135110e+00 -8.090101541907635863e+00 -3.399283686524520842e+00 3.326136049007053952e+00 -6.186466764382900330e+00
1.800416932016257832e+01 -2.167947690283005358e+01 -8.532249681595784452e+00 1.938668931271559615e+01 1.361397711750691020e+00 -1.225024103373955775e+01 1.650296511304467018e+01 -9.222150290374816706e+00 -5.085608161724615606e+00 -6.602705042768271859e+00 -5.762217835046138603e+00 1.818348098089351161e+00 -5.546610383684680734e+00
1.813972479851080521e+01 -2.319266996115687363e+01 -7.316512442743772660e+00 2.044331980737527843e+01 1.146234861700675456e+00 -1.426466991611810187e+01 1.477260176677298809e+01 -1.072481563499524704e+01 -2.858597103888206536e+00 -8.612305527653697723e+00 -6.846465629341334846e+00 2.710733665716754448e+00 -3.012395996845258495e+00
1.818558175318548464e+01 -3.208400532750687972e+01 -7.404627839074281681e+00 2.126522451396015967e+01 -5.190913759476325495e+00 -8.543223118851843267e+00 2.028566880997535193e+01 -1.017716477781275053e+01 -3.034024211609452681e+00 -4.375589009640133753e+00 -1.070717898298081039e+01 5.237396533184877967e+00 2.768965442023924250e+00
1.840403703866552831e+01 -2.584592698845833070e+01 -7.878002375188237316e+00 1.847113542389218210e+01 -5.007129188325206037e+00 -6.134666279718948623e+00 1.042414650209543225e+01 -1.026724857581666051e+01 -1.868557891733762188e+00 -5.637464378989008651e+00 -7.513586288635298871e+00 4.951560647551946914e+00 -4.449412105578876564e-01
1.835851233309004371e+01 -2.376636029814507722e+01 -8.828056835083703646e+00 1.865218592457255298e+01 -1.052254761940102812e+00 -6.298975345184044450e+00 8.123621679713870947e+00 -9.959316897420988468e+00 1.221747878289776601e+00 -6.796726928763806796e+00 -8.488060628951831887e+00 3.661216244284743127e+00 -1.671547213160091028e+00
1.835638322629118591e+01 -2.415812557258221460e+01 -1.129420767946833237e+01 2.140274411147634481e+01 7.407465172830630662e-01 -7.752424986452509437e+00 8.356276820254413096e+00 -1.058646690612910568e+01 -1.350382843196766380e+00 -8.436769436165082681e+00 -1.131127743186410406e+01 4.226434798472226362e+00 2.444487986215477360e+00
1.829995946842833376e+01 -1.785889441045032910e+01 -9.653784832082081380e+00 2.137126250158971885e+01 1.877407786729770933e+00 -6.186256981122517651e+00 -3.851278806195979620e-01 -1.341069329264271559e+01 2.204284250712813087e+00 -7.790711760967259814e+00 -1.293488396144813457e+01 3.676918709356809867e+00 -7.882192647424185461e-01
1.826926829238055916e+01 -2.152144143601671189e+01 -1.311429029131350354e+01 2.217896205576283464e+01 1.536628597576058963e+00 -7.946304918356314140e+00 9.068947319493874559e+00 -1.178897640732268393e+01 5.581432324459740801e-01 -5.864385979980469621e+00 -9.045210900390522113e+00 2.247712995638736277e+00 -4.104453749994072531e+00
1.823796168775328397e+01 -2.024555523288266912e+01 -1.717050338136458976e+01 2.146165689827798673e+01 3.670889570465820206e+00 -8.228088416439566899e+00 7.562103072164344297e+00 -1.875473834311547705e+01 -7.313191465629853560e-01 -6.730892373796179662e+00 -9.228643576473936960e+00 2.357899177934350110e+00 -6.564011061283830273e+00
1.812072630127142503e+01 -1.563845382012516083e+01 -1.967083427193417577e+01 1.935928714163949138e+01 4.063763080482967638e+00 -9.668007093944432029e+00 6.992186492596134784e+00 -1.943193681030527387e+01 -4.805211390900994139e+00 -7.936541328843289556e+00 -1.000407541293817104e+01 2.320754297803897526e+00 -8.756190453295507936e+00
1.766940807974088301e+01 -1.116376292027957007e+01 -1.900522301457834473e+01 1.990012862485493272e+01 6.373828663874477662e+00 -6.529829715948400448e+00 1.349927025658146462e+01 -1.594185472200325115e+01 -1.323208666197525973e+00 -4.019475828408856977e+00 -8.469616681058242946e+00 4.858310588803690599e+00 -8.659880799490670356e+00
1.695574544051375199e+01 -2.553207178053768622e+00 -1.033332186902543093e+01 2.169926682793688855e+01 8.562241854573906963e+00 -3.503205429131623028e+00 1.065359892881478032e+01 -1.635429542916095258e+01 -6.876267158419838488e+00 -1.028108225841031498e+01 -1.551734573872267120e+01 7.200008782234464944e-01 -9.295865289745535165e+00
1.690489198145784400e+01 8.037442770412946302e+00 -6.928788786698820701e+00 2.187510822797027998e+01 1.216308942607718047e+00 -5.364619291211091934e+00 5.637516962420579425e+00 -1.688931851626514913e+01 -8.721097949032582619e+00 -1.517788162753657488e+01 -1.606621021792227211e+01 -1.905005120408625352e+00 -7.851816163060552078e+00
1.652929229021506075e+01 1.821406687880905295e+01 -3.220357457130102574e+00 1.640668989674760425e+01 -5.432163861682777650e+00 -2.610189290137316043e+00 7.420563774279121283e+00 -1.511010349028368438e+01 -6.654027811095621914e+00 -2.114920934634438510e+01 -1.363933258870603638e+01 -6.204944701173167765e+00 -5.019666534227418708e+00
1.682598746028542891e+01 1.827847865745158984e+01 2.601184911006183320e+00 1.052657278584695355e+01 -1.197243907108040162e+01 6.103260844800426632e+00 -3.373730005714655089e+00 -1.205205369396266768e+01 -4.952523150584316802e+00 -2.841442502621671196e+01 -6.566922688173529643e+00 -1.830560238100749615e+01 -5.735862416621636761e+00
1.674021940610016301e+01 1.926595792061434409e+01 -9.155015785887818947e-01 9.326009119316525542e+00 -3.315046927857615344e+00 2.246092939432886126e+00 -7.119104499256443397e-01 -1.406742553285054775e+01 -3.835462717076643546e+00 -2.386980858163170538e+01 -5.815966430877793414e+00 -1.179280042647252813e+01 -3.259033828125628141e+00
1.683311537282309800e+01 2.085301637102049099e+01 -2.514184093976814527e+00 6.982193459759815646e+00 2.078030312452546546e+00 3.086836124420257121e+00 1.461444363601621887e+00 -2.023270481687968214e+01 -4.678201092565783981e+00 -2.424470394520550087e+01 -7.434928144090855895e+00 -9.994411339770840286e+00 -2.793149284826109024e+00
1.700497718733074493e+01 1.960140701735339874e+01 -1.632757377065066517e+00 2.497383338745846615e+00 3.507758337891073275e+00 4.115052675274171179e+00 -2.063182222931074339e+00 -2.279180464719575738e+01 -5.535678411747265493e+00 -2.695979743570346443e+01 -5.589430980253782266e+00 -1.130932558379008057e+01 -1.885414914124799113e+00
1.717134869581301970e+01 1.951661438852728736e+01 -3.730387731952167663e+00 1.219612533770448648e+00 2.418449424768810196e+00 6.856655171791919301e+00 -8.451913327290311528e+00 -2.013585708396317031e+01 -9.109120791936886619e+00 -2.537097465219830283e+01 -6.017707354472295656e+00 -1.060998060263950826e+01 -3.687394578061799488e-01
1.725177810921310950e+01 2.020469688069989544e+01 -6.487774294176861467e+00 1.799324748156764908e+00 5.099443761555573218e+00 9.248560890630017184e+00 -1.089697918794545650e+01 -2.151046686286605336e+01 -8.622305315172422269e+00 -2.930352215955745265e+01 -1.958504045058468979e+00 -9.066138389288992627e+00 -1.358274828079320429e+00
1.730133832165547147e+01 1.840959477170127201e+01 -7.703494404239659588e+00 1.545796188532968962e+00 5.861342837099835279e+00 8.493799749939274335e+00 -1.069295833925969852e+01 -2.256777234241491925e+01 -1.478810635320419387e+01 -2.315813386257952189e+01 -3.813672521121626691e+00 -6.622928732628713178e+00 -2.370342505488323148e+00
1.722755385448224885e+01 1.733066212469618605e+01 -9.052249155403101710e+00 2.906058756784088537e+00 8.982669555737091471e+00 7.815906005319235739e+00 -1.140821357117574664e+01 -2.255588086354741151e+01 -1.606476999479865242e+01 -2.007972315671480956e+01 -4.228125753151170230e+00 -5.553291388195078504e+00 -2.826946033487992782e+00
1.712600412732874844e+01 1.853774160623795808e+01 -1.138623017698750672e+01 6.757076180863816894e+00 1.305392655670880941e+01 8.486587481936753719e+00 -1.171261911029591829e+01 -2.258262995592747657e+01 -1.441660241655409891e+01 -1.706565002031436507e+01 -3.486705261737484740e+00 -5.682193816561325939e+00 -1.341432111105420377e+00
1.697231047370834034e+01 1.705237324578655844e+01 -1.307330327736449682e+01 8.863904539874805977e+00 1.552311411854971013e+01 3.669598420696289054e+00 -1.246732978564172534e+01 -2.462744853955543434e+01 -1.499792503712282077e+01 -1.723680670098500300e+01 -6.767442946293812156e+00 -5.895217770816446823e+00 -3.563838729141326489e+00
1.675504796704916899e+01 1.548063414318812292e+01 -1.309164022855881981e+01 1.161331646162741826e+01 1.998456964810694814e+01 2.848442718733862566e+00 -1.025930312724238291e+01 -2.639812987055096372e+01 -1.392338756561774282e+01 -1.918040539855858029e+01 -7.576299463154640534e+00 -2.852330167582903808e+00 -3.523858224057247579e+00
1.647951196638135940e+01 1.561872789361766856e+01 -1.456213943280995515e+01 1.698848968067575527e+01 2.241767896961095374e+01 -5.956740277533315725e-02 -7.983885401532730519e+00 -2.515104850391032798e+01 -1.123127661305488445e+01 -1.461922173630890853e+01 -7.664596973011798653e+00 -1.752362595302891846e+00 -4.477382798141888109e+00
1.620484201875065366e+01 1.455770460498927044e+01 -1.481811520489977774e+01 1.979249015546363211e+01 2.429708988499255540e+01 -2.799585137128623114e+00 -6.643961097645367353e+00 -2.731567097783791809e+01 -8.968359257762678283e+00 -1.213916987416403970e+01 -8.100579518237012167e+00 -2.183705384201581445e+00 -8.104820397919199948e+00
1.588990928116594148e+01 1.249698518147463844e+01 -1.410854356340136739e+01 2.178724344658709811e+01 2.154862910539922538e+01 2.253504134451551177e+00 -1.278037331804320687e+01 -2.137264247772130688e+01 -6.990254723307895546e+00 -1.209859532825178619e+01 -1.020771224549408984e+01 -7.722609142243957336e+00 -1.192217961691956241e+01
1.738347923379813054e+01 9.744763034149677594e+00 -2.344378390512327570e+01 3.448272757237453590e+01 2.292786502117537495e+01 1.158749013871443090e+01 -3.880410166715330433e+01 -1.492665332362397201e+01 2.401261005060275622e+00 -2.682680446221635506e+01 -8.014915541392076292e+00 -1.770005794382302255e+01 -1.260805158264625980e+01
1.496200236704347120e+01 1.470561755385613267e+01 -1.204800203082465160e+01 3.561765649087275420e+01 1.697840198579293158e+01 1.170816246332196187e+01 -1.878832499814931722e+01 -1.701658986605148982e+01 1.414489370983424621e+01 -2.392291472168723487e+01 -8.435329996813399234e+00 -1.067269723293968831e+01 -1.084268897750505367e+01
1.361961026618230974e+01 -7.965512654345537069e-02 -1.294484256829388791e+01 2.884460378289199411e+01 8.079494034168035910e+00 -1.932380101014354645e+00 -2.113836049432696740e+01 -1.336830087386939780e+01 3.230604540837199057e+00 -7.326978805144846341e+00 -1.317376224060326706e+01 -1.229813849276191107e+01 -1.422539144904437336e+01
1.311217298192412706e+01 6.426737064793640819e+00 -1.124113266881694173e+01 2.514502670542778873e+01 1.681055166980469906e+01 -1.898848734829547302e+00 -1.717605396869314571e+00 -2.281351122440649704e+01 4.099356163141632869e+00 -7.907339452693222803e+00 -9.949979678492564261e+00 -5.943318301386393721e+00 -1.099518009307549704e+01
1.275226751902775391e+01 5.361405525290933838e+00 -9.463813556795914295e+00 2.269274708017654518e+01 1.716581463984928391e+01 1.251798965245339845e-01 2.489683618237871432e+00 -2.308272933460463960e+01 2.860069335671679092e+00 -6.619296227564430701e+00 -1.078872551238117161e+01 -6.925216751336176202e+00 -1.089604399484213637e+01
1.240900336253121772e+01 5.299809238381621768e+00 -9.201339058509567792e+00 1.855751677014662349e+01 1.528700386752903384e+01 -3.157138501325241986e+00 3.848947275914412991e+00 -2.247456431517104747e+01 3.976692851306280474e+00 -3.984628260431071656e+00 -7.782373844169780064e+00 -4.886416946777987214e+00 -1.050880906718311358e+01
1.175686292491124618e+01 2.630747730383027339e+00 -7.077564817773932759e+00 2.118529958664937496e+01 1.711164882275419075e+01 2.236018402756053902e+00 6.842095672522289895e+00 -1.632861833332441748e+01 5.526739850015566446e+00 -9.921483429587696357e-01 -6.265451661291504770e+00 -1.509792292041139961e+00 -6.651771982102971492e+00
1.117168270414849829e+01 -2.976272124839884903e-01 -4.045399456541952432e+00 1.198119735033512256e+01 1.969317979938390550e+01 -8.387674094734252961e+00 1.137631346625106943e+01 -2.196387406746400472e+01 -1.263163892663735854e+00 -3.459298615903610763e+00 -1.026984080245032338e+01 -1.273682014941547536e+00 -6.209833959554215355e+00
1.054278279694396581e+01 -2.336099359798446962e+00 -2.794493831382146798e+00 1.067192867778161869e+01 2.298317061491223612e+01 -1.053039963706064697e+01 1.560630215109663155e+01 -2.159677538173556144e+01 2.240558878055049163e+00 2.370512637032584191e+00 -1.029523759954009776e+01 -2.265309156059113871e+00 -5.764618063447981555e+00
6.130417753481385290e+00 -1.621492638194487768e+01 -1.240109320262487325e+00 2.771145824729684737e+00 1.386869435105916004e+01 -7.316639804039867911e+00 1.314584052856097962e+01 -1.257883893871169256e+01 2.064153706178312397e+00 4.466042403684957307e+00 -6.064194514085028409e+00 9.057614999770829955e-01 -2.143913871733971188e+00
1.075391464056819046e+01 3.992025360047554372e+00 -5.316824365127984287e+00 1.195821145213884407e+01 2.724329074994663102e+01 -2.233492897785065878e+01 2.578815240580858159e+01 -2.059623755882657292e+01 7.010244549314490037e+00 9.490518714718206184e+00 -1.761368597519764734e+01 5.249730472968768602e+00 -7.417678573407411768e+00
9.273548299278772333e+00 -4.295321383962565354e-01 4.661359200648218959e+00 -1.298722882710253268e+00 2.714510675921425076e+01 -2.248104939905489275e+01 3.988360763989535229e+01 -1.266496319436374840e+01 -6.564969322165644883e+00 1.182114100190600148e+01 -7.072134501329622402e+00 5.392276052749906956e-01 -5.414747042162893820e+00
1.016719213814734246e+01 4.017403246086766799e+00 1.339291044442584067e+00 -4.652359153464681318e-01 2.896917707613117798e+01 -3.103224982177432167e+01 3.976978672409481419e+01 -1.482043057683414133e+01 -7.914564062588100413e+00 5.734160273561566434e+00 -1.240046403486108773e+01 5.339668599670334137e-01 -2.202114585043347006e+00
4.119399201724535331e+00 -2.212510973142575388e+00 1.681794569214047019e+00 1.649890236313901415e+00 2.029016140495358300e+01 -2.010345383529748275e+01 2.539320469925037926e+01 -1.182708022238196044e+01 -2.881008068434673941e+00 2.665968954390759205e+00 -9.790214133153199327e+00 -1.579902673804357116e+00 -1.427850504769944573e+00
4.225289737735606010e+00 -2.891809219061852509e+00 1.391152900789496938e+00 2.124518248818119126e+00 2.047446980638251190e+01 -2.127175811736483624e+01 2.770991092563623681e+01 -1.478036568544780494e+01 1.580562908480664247e-02 3.568955174081966053e+00 -8.798609233878442737e+00 1.052187264094553543e+00 -4.361301950727127341e+00
9.583507705992420966e+00 -5.516342572906009600e+00 -4.930060268222910658e+00 6.228114018950696718e+00 2.708683220592263652e+01 -3.330292841472932253e+01 3.594696276515445277e+01 -2.017900135072898493e+01 1.083217851274310561e+01 5.054954040756376443e+00 -1.106051569855040206e+01 6.078681137600733919e+00 -1.111474170918657478e+01
3.886900346776273718e+00 -6.627997536010219015e+00 1.436364656251978067e+00 1.059526030886879244e+00 1.588090466246374710e+01 -2.085817488003509368e+01 3.039754451993356810e+01 -1.357374202779451622e+01 2.319423357268356689e+00 -1.160078393723656676e-01 -7.303378387384286796e+00 2.307303696752717403e+00 -3.450320074464718445e+00
5.072359446433079455e+00 -4.820353866442120605e+00 4.339356884623229993e-01 5.259352237499014926e+00 1.732135575923559045e+01 -2.160129440459625627e+01 3.443786109320141975e+01 -1.755141179850840771e+01 4.781912227211554622e+00 -2.351911027454954173e+00 -6.032674173998809231e+00 -4.372176662862186092e-01 -2.018267792988166054e+00
