8.830367111963353111e+00 -6.523413833340372392e+00 -4.736827139861540914e+00 -2.123990492802792840e+00 1.846407308054770624e+01 -1.743567076885395295e+01 3.294503119604903674e+01 -1.945173505706421935e+01 -4.956000524788435335e+00 1.014816323041098123e+01 -1.234633139150538561e+01 9.354777789785566622e-01 -7.844883824665309646e-01
9.500306869924836306e+00 -4.444534473300447708e+00 -5.609558926354828223e+00 -3.249362399363444176e+00 2.250740002049479926e+01 -2.564658258522090151e+01 3.441966190370430212e+01 -1.841369243876222228e+01 5.070431749450408532e+00 9.317919745003647947e+00 -1.277866216061694971e+01 -9.372875922887526912e-01 2.672382876379373329e+00
1.008995147732670539e+01 -8.113974242077942378e+00 -4.907508654092916700e+00 3.175982908973699281e+00 1.771714227667880692e+01 -2.524308819515618296e+01 3.407820014098550132e+01 -1.952483534991083758e+01 9.587846108378320409e+00 -1.350342753668146933e+00 -9.501484684073725262e+00 3.713196703105656304e+00 -5.066202612958260687e+00
-2.853408703919925671e+01 -1.197476825631365482e+00 -1.430451001100132256e-02 -8.987456255574028940e-01 2.749932460170593007e+00 -2.528600048229649566e+00 4.862625024118808703e+00 -1.442244152239473332e+00 6.914811474451197648e-02 6.503896049323719675e-01 -2.258794675981426359e+00 2.134318942033820443e-01 -3.737829539729084494e-01
8.965271596408944887e+00 -6.882487600673351302e+00 -5.892130773586331527e-01 -2.343083747831365304e+00 1.617050371113338869e+01 -1.286870130215215369e+01 2.589084735065384635e+01 -2.637986166674581856e+00 -3.372307231827365470e+00 1.035766903307755449e+01 -1.069323446787862686e+01 1.679892777114996294e+00 2.240226695502544274e+00
8.991598797399207754e+00 -5.546984839106888998e+00 -2.201575092050063187e+00 -5.243524852846560336e+00 1.678215100626089296e+01 -1.972001605943961167e+01 2.566438612427230481e+01 -6.362315473375392827e+00 -8.536923300306550999e+00 4.047099916821519372e+00 -1.503111624365519816e+01 -8.011739236628766525e-01 4.218806578388848982e-01
8.843295633420822810e+00 -8.314024095906702883e+00 -2.702420758457622085e+00 -5.142813532702321666e+00 1.173519127112053617e+01 -1.661030869154235390e+01 1.802360969140880798e+01 -4.075180985433522807e+00 -7.951032448945120734e+00 2.184252048606195817e+00 -1.801347662644543490e+01 -1.882813976402427647e+00 1.597874482167580990e+00
9.431423386976502954e+00 -3.614418216903533931e+00 -8.447299076741006107e-01 -5.012738691540259417e+00 1.579334519275669990e+01 -2.223755033070482057e+01 2.482667714229470590e+01 -7.441060133403283317e+00 -9.150128994792543935e+00 4.473236978041163603e+00 -1.680680144851183400e+01 3.066747484023070180e-01 -1.686544887521987501e+00
9.282819108881788850e+00 -5.897775197372435940e+00 -1.682412926148207033e+00 -4.453551822636512725e+00 1.170530490812902613e+01 -1.785670181218004160e+01 2.342046876495217944e+01 -8.572152680232891342e+00 -5.870373624214167307e+00 2.093548896642309476e+00 -1.819250900917775837e+01 -1.128445546855132431e+00 -3.495597662538288297e+00
1.055346825021277546e+01 -2.021007712746346385e+00 -3.765667496886209609e+00 9.478899850441234065e+00 1.621703012655027010e+01 -2.084915945912103297e+01 4.063235813337507096e+01 -1.232473145651266400e+01 3.367694686220372713e+00 -5.343552658739213257e+00 -1.573423838849174317e+01 1.275744794349036759e+00 -2.836763391267114187e+00
9.706124777874720166e+00 -6.478250863557949657e+00 -9.995844174439120211e-01 2.359167246816228136e+00 5.393741283380849794e+00 -1.637891158779663670e+01 2.907456604323150273e+01 -1.107417594924390514e+01 -2.495898591326958904e+00 4.756535572577766047e+00 -1.616852170253445564e+01 1.280056307441682195e+00 -3.058436672817940183e-01
9.870884682338834537e+00 -8.990801343155583325e+00 -1.527249416243105617e+00 4.208651872637757307e+00 4.508046247067842849e+00 -1.379766047003030138e+01 2.799097687436617932e+01 -9.361211551194740466e+00 -2.656127521244630585e-01 3.844191297261917217e+00 -1.425406907316627780e+01 -5.263004830099345804e-02 -2.098144598833766583e+00
1.006801779401822827e+01 -8.499873941439629377e+00 -1.530706381163044805e+00 5.218558539311635158e+00 2.918165441566979990e+00 -1.503598796214348177e+01 2.420168724745676769e+01 -1.451917476896717396e+01 -2.113183280445504408e+00 2.958439165922487124e+00 -1.286290734558503424e+01 1.255016561946091860e-02 -4.022350118698721388e+00
1.038809967870540518e+01 -9.372147058538514486e+00 -2.024335340589990651e+00 6.603333999741372473e+00 2.111236199599125563e+00 -1.462915196254051153e+01 2.126272864287218667e+01 -1.430351929186163851e+01 -9.144141859107247639e-01 -7.441620346276274223e-01 -1.093916315513825666e+01 -7.492442118028566078e-01 -4.414554522566112027e+00
1.086912707339442896e+01 -1.178357952448004653e+01 -5.380764398736606058e-01 5.488333031106801485e+00 -1.175486072900000067e+00 -1.469564564452971034e+01 1.903140550880431547e+01 -1.333656528813756559e+01 -2.838097872745242167e+00 -3.369226666990182029e+00 -7.957417946049454294e+00 -3.555328446173034784e+00 -5.152020847307341889e+00
1.126545096695051562e+01 -1.185754145876545174e+01 -1.200957405377533205e-01 6.053232308139060436e+00 -1.116772596771655884e-01 -1.263968990627929934e+01 1.956816941834773260e+01 -1.169236641482055106e+01 2.544489839588265356e-01 -4.559264333415288806e-01 -6.990526030856228701e+00 -9.312866911231883205e-02 -4.262883058668597513e+00
1.415619949705541991e+01 -1.610762661461375700e+01 -1.849634387345481801e-01 4.221658850996528045e+00 6.125570021605402510e-02 -1.406023647458521886e+01 1.926489793188309463e+01 -1.047710537257622576e+01 -9.589202676620871557e-01 1.523460072894210482e+00 -1.042323788655481920e+01 1.269807541848314569e-01 -3.682852779227582030e+00
1.478046576395196077e+01 -1.705648630175495839e+01 1.124694827794751051e+00 4.196137423532828592e+00 1.098120764848812048e+00 -1.579942817502964481e+01 1.611939340546739530e+01 -9.551511279339075955e+00 -3.272766669775296067e-01 4.580142662013797938e+00 -1.034621297899918879e+01 -3.252073550901785071e-01 -4.751237541922061602e+00
1.494362388031855104e+01 -1.912167424043526864e+01 -2.073949688282244797e+00 2.433865009998011253e+00 -1.963893967265898821e+00 -1.470448469058115748e+01 1.690252515349528295e+01 -5.862921862707289655e+00 -2.630066661652466387e+00 5.447700668283658842e+00 -1.123708429380717888e+01 2.384518612352663158e+00 -7.106216422206201422e+00
1.600590407503406709e+01 -1.602424094024637924e+01 2.355875284872043895e+00 2.164711200931512369e+00 4.166929388023551617e+00 -1.855242004865861816e+01 2.214619314556815155e+01 -1.040287387855654266e+01 -2.501687597609642655e+00 7.577936710739278325e+00 -1.211256775772038807e+01 4.046111521082432105e+00 -7.864445537626836291e+00
1.638662098948783097e+01 -1.755780866615857860e+01 3.137483206340689612e-02 4.459190174948995389e-01 4.494997580726538544e+00 -1.827895935363105551e+01 2.385225599754309300e+01 -1.312934319261998084e+01 -3.628900436937890994e+00 5.546571551217141405e+00 -1.248070572576949999e+01 -2.708940550960151628e-01 -6.453495577436374475e+00
1.612613642003061898e+01 -1.556190811801826790e+01 -9.625608824715477851e+00 -4.681956248927068853e-01 7.686075558676704667e+00 -2.256010250300039743e+01 2.674822025897402611e+01 -1.428936608783593520e+01 -3.411128916436140468e+00 1.478369229857660372e+01 -1.504348798596574888e+01 7.207914591547633698e+00 -1.068013212047885041e+01
1.708945195996738420e+01 -1.906522278020502625e+01 -2.371493824073213741e+00 2.005997588045902891e+00 1.558464157496472158e+00 -1.749405051890555640e+01 1.707025228749649415e+01 -1.864937318145610945e+01 2.911933260068340079e-01 8.506909753603050461e+00 -1.386897648135461480e+01 9.435226534141427646e-01 -1.225182690140155728e+01
1.738627567756621772e+01 -1.817612353882391218e+01 2.527609636526789716e-01 1.690039295000603348e+00 6.362556878349231448e-01 -1.847163751493428308e+01 1.974889361584931891e+01 -1.588393939974009683e+01 2.237659851153649626e+00 7.411397359278423025e+00 -1.265885226081296189e+01 2.896530997320212020e+00 -7.303075541115645386e+00
1.773858893530789871e+01 -1.732839228344478499e+01 8.611168044089059226e-01 1.252240985439434073e+00 -2.847427697002696600e+00 -1.879998822462796682e+01 1.780429905145820157e+01 -1.363764140253478629e+01 -1.279143331443365561e+00 4.305927089368607241e+00 -1.444124842663712016e+01 3.252150691859385212e+00 -4.632525883252611720e+00
1.801787018401706320e+01 -1.889271855207346817e+01 1.081049049303661747e-02 1.033005072124076884e+00 -7.647574502343623681e-01 -1.897741336095487696e+01 1.732773659506839792e+01 -1.426820558962925389e+01 -1.618480793712200771e+00 7.405789296678463529e+00 -1.764415212191806859e+01 2.946319677245660795e+00 -5.653344492014203304e+00
1.809940332636667293e+01 -1.995117523176339702e+01 2.017080584195803272e+00 1.573041712788058488e+00 -1.896129054552537774e+00 -1.905274306992434674e+01 1.820326432594819366e+01 -1.615921488087901992e+01 -2.843282795417382491e+00 5.953564862871449037e+00 -1.205931423796936386e+01 1.826508532430227705e+00 -5.014198239500609056e+00
1.809532563538169470e+01 -1.795034181738617463e+01 1.895592818892156028e+00 3.263947498856888618e+00 -4.702221826947201033e-01 -2.200331289253376710e+01 2.045577441629626847e+01 -1.854603103750079995e+01 -4.041302834489385987e+00 5.774144926518420817e+00 -1.768377393817439724e+01 4.322683487749894304e+00 -9.012856381242388082e+00
1.817666958471743754e+01 -1.600451722281995615e+01 1.839949642979615829e+00 1.631785238887997647e+00 -1.389792266717023494e+00 -2.404802048769261447e+01 1.722901144224730530e+01 -2.309277400416054604e+01 -4.025191419623593170e+00 2.897883641121966836e+00 -1.675597532695198666e+01 3.244057896166246291e+00 -1.299472595320465196e+01
1.838001744838242502e+01 -1.962938193050515423e+01 -4.247408054873690331e-01 -1.730397827766750468e-02 -3.169711322359369254e-01 -1.895933898959494002e+01 2.536533407377513072e+01 -2.018171206951324237e+01 2.390756562482980740e-01 5.601931283711681253e+00 -1.254824816632863715e+01 1.738659213670857184e+00 -1.044945341570229935e+01
1.809720800494131154e+01 -1.411920400245651308e+01 -1.286143335607343285e+00 6.613122559982483883e-01 -3.131438668408252024e+00 -2.190391260163260512e+01 1.526664485010770100e+01 -1.708461304697712180e+01 1.245409339766058165e+00 -1.574161872548576868e+00 -1.735694988922044502e+01 4.233631123118672512e+00 -1.018996095595829310e+01
1.794549789258826422e+01 -1.148715458481556162e+01 -3.936747229817927352e+00 -2.089000443823242570e+00 -3.649117275267938609e+00 -2.067933585769541693e+01 1.477217135136595871e+01 -1.399703416553089497e+01 1.715073308495564053e+00 -1.363038063844303371e+00 -1.463328718870923417e+01 6.426596961438936439e+00 -7.778917659784828409e+00
1.873498169231127974e+01 -1.186821378082873224e+01 -1.729672824342360471e+01 -2.777214742415386795e+00 2.184747035986287500e+00 -3.446964434377530750e+01 1.695880861581944998e+01 -1.788295242428379339e+01 -4.042614312884252215e+00 1.275726491380405214e+01 -2.334945607824262481e+01 1.850448316890973643e+01 -1.408687382674466981e+01
1.709028283741035636e+01 -3.840823076645814016e-01 -2.636826646616123870e+00 4.152600343616255962e+00 -4.336917763510028223e+00 -2.234171394178248349e+01 1.247300065256683332e+01 -1.471371449267925513e+01 1.578003752529245185e+00 -8.680210428313995807e-01 -1.413383646205917188e+01 2.453118599913970854e+00 -1.331289559543890100e+01
1.938656778591538199e+01 1.821557629666971678e+01 5.737932831895892427e+00 1.369131551883330644e+01 2.084946357779531212e+01 -2.490236280867808816e+01 2.105112184818566590e+01 -2.596135563204119379e+01 -3.098059972224713832e+01 -8.107603973055017121e+00 -5.823713838274724885e+00 9.018660992721347469e+00 -1.514718451383241593e+01
1.745216961969167713e+01 1.756116639130032908e+01 7.597805606058265049e+00 1.086132365060088922e+01 -1.017894860693799508e+01 -2.673092222585655975e+01 -1.344853780755491890e+00 -2.264400807525870718e+01 7.487976157169094371e+00 -3.080177927483826572e+00 -1.039273659396778271e+01 -1.937967430521601253e+00 -1.089871616143960509e+01
1.771029998381503390e+01 2.048822094814250505e+01 5.355839494600632911e+00 1.231701292883695942e+01 -1.250836542278286068e+01 -2.584160582425696617e+01 -5.156294873489738251e+00 -2.210794638955253077e+01 7.740200965933703436e+00 -2.077474374541140367e+00 -1.058502655294881301e+01 -2.991017460426748986e+00 -9.723281811037400857e+00
1.771576221071124024e+01 2.198286526483423486e+01 2.731012916481640129e+00 1.381492844372102802e+01 -1.340315489088752265e+01 -2.564872595943245059e+01 -8.745351422501624228e+00 -2.201273025903586955e+01 7.076608446630406668e+00 -8.147675403985724651e-01 -1.252803077832350453e+01 -2.897036473494945863e+00 -6.884464629636720900e+00
1.766242294516163014e+01 2.220041209694247897e+01 2.772326113279365067e+00 1.479833654660156661e+01 -1.164303371022144340e+01 -2.568607347788040229e+01 -7.305837159181135299e+00 -2.264515105527053862e+01 8.360078775899244974e+00 -9.615069299109632039e-01 -1.112376468114634598e+01 -1.568123260964698229e+00 -5.323681880074463635e+00
1.756516938594760191e+01 2.123906392442813740e+01 3.334149575438469348e+00 1.377910940960068231e+01 -1.183763491920921673e+01 -2.562111487914105723e+01 -7.389089472376798362e+00 -2.148251561461992409e+01 7.232717545850172236e+00 -2.587930685399787989e-01 -8.974075964312985931e+00 -2.472712200098627910e+00 -6.001258222845237356e+00
1.745130844976281637e+01 2.134454734241498031e+01 3.655951241441984134e+00 1.440763116847176661e+01 -1.092601499932741937e+01 -2.766798179462382734e+01 -6.583176003107384489e+00 -2.008569195866077806e+01 7.935612494352051627e+00 1.786853459714943027e+00 -1.123219049404705139e+01 -3.356144355671786705e+00 -4.975286769548066701e+00
1.746970277061774013e+01 2.361529977811150971e+01 6.135286929656076360e-01 6.218253534670988181e+00 -8.905315683594118070e+00 -2.136933436464580538e+01 -9.263893028419342812e+00 -1.934908914507739652e+01 8.442057158309531628e-01 7.193434273959811165e+00 -1.655395545072590480e+01 -3.009947895663148687e-01 -3.967537944358977331e+00
1.711253855714407379e+01 2.240377885618877585e+01 3.577694460567739210e+00 1.583496146550189287e+01 -6.791951931520427976e+00 -2.958440889798571760e+01 -7.151677056310820291e+00 -1.699610217438901572e+01 7.397182528473310370e+00 3.052612941623856102e+00 -1.440241516233895247e+01 -3.029459455204131402e+00 -3.805300831665349826e+00
1.694994232926008593e+01 2.034581209416578318e+01 3.986625436452652771e+00 1.358266063932342149e+01 -7.763076344367916271e+00 -2.245819767329957628e+01 -1.035346340483742544e+01 -1.304387606088511653e+01 6.372906042921817615e+00 1.251034091297958506e+00 -1.144577679203780995e+01 -3.265350064579642275e+00 -3.730226327474167825e+00
1.676053183460651397e+01 2.051797697291423361e+01 4.878539380939368897e+00 1.650256258845379165e+01 -7.519923238855241721e+00 -2.498067815502595934e+01 -1.243152395970490254e+01 -1.275442518846720574e+01 7.716067169059402708e+00 1.914669724513866855e+00 -8.672801278420502413e+00 -5.060754223602175195e+00 -4.912701974002305683e+00
1.662030111944841337e+01 2.096693090263891790e+01 3.856528279278804927e+00 1.488335928723076407e+01 -7.622305472353014366e+00 -2.477844420496311884e+01 -6.375545164753100735e+00 -1.437117422951003753e+01 6.860434794676834258e+00 5.552512758366826562e-01 -8.751808395301340582e+00 -6.488111575806858156e+00 -4.644022790295577074e+00
1.640917695659630837e+01 2.057434773087669200e+01 4.214445339967022086e+00 1.505497925038052998e+01 -8.476908933694886628e+00 -2.402344703781369262e+01 -8.395884866991810469e+00 -1.156123910199701044e+01 8.269246187045842689e+00 2.434230979587569621e+00 -8.799445269628709099e+00 -5.111899619412828777e+00 -5.960482413912198574e+00
1.610056957947337253e+01 1.961190759422895624e+01 4.300875361821716147e+00 1.541872446825224685e+01 -3.810880196938744024e+00 -2.628605655821591824e+01 -7.075038603012062666e+00 -1.391069816206690390e+01 7.942388427333876066e+00 3.412161288246477131e+00 -1.357928247300776725e+01 -4.418847530782087141e+00 -8.434958231502026393e+00
1.585590676592162751e+01 1.924927726909170644e+01 4.850974448331185407e+00 1.459956607946077511e+01 -1.641861558539692290e+00 -2.521090503311339859e+01 -5.761964576775562286e+00 -1.509753937680446079e+01 7.944175540124649437e+00 5.300345737071539887e+00 -1.372722102172185110e+01 -1.647668233196382781e+00 -6.862526972569477302e+00
1.552385425849712064e+01 1.941748532479414990e+01 5.633942986048511514e+00 1.788012821745596881e+01 -1.863432429606838969e+00 -2.491093290763408774e+01 -7.433851654315033031e+00 -1.619301482915801316e+01 1.038952271007241102e+01 7.030818993026074715e+00 -1.485938918865342906e+01 3.665346508893863042e-01 -8.738906875833846399e+00
1.614790488369791532e+01 1.430074714620713117e+01 5.595391427535497009e+00 1.258029331245312754e+01 -1.935673117436086343e+01 -1.548450420748270062e+01 -2.152221636196482280e+01 -5.304673275227356655e+00 -3.703464507272939410e-01 3.113714046286193415e-01 -1.606695204966203860e+01 1.480092579259796004e+01 -6.935094455761002585e+00
1.457805302818363380e+01 1.679042669532913123e+01 4.663382595652575624e+00 8.842801746193831747e+00 -4.674208137123707196e+00 -2.160200794307855077e+01 2.766973092630119702e+00 -1.043795560025026248e+01 7.829834569287167589e+00 5.043611644352152368e+00 -1.560262661841125542e+01 -1.091564347205395302e+00 -6.721906582957108078e+00
1.348110676130036012e+01 7.115910361991299560e+00 4.452950513295609092e+00 3.345085936872152832e+00 -9.144743889823615746e+00 -9.092924069781229690e+00 3.400359633792693348e+00 -3.434850745398617455e+00 3.341690551682617194e+00 3.954414025760649154e-01 -1.885801788204405582e+01 1.076766746218118742e+00 -9.484098628801198583e-01
1.388221550644891877e+01 1.265401390223982325e+01 6.726828260080711885e+00 8.961691437300400409e+00 -1.076811835396983996e+00 -2.307977561538217515e+01 9.043431459909506032e+00 -1.187962126548793940e+01 1.047069912994160390e+01 4.154245004779699713e+00 -1.242637924352984236e+01 -9.722826086419670277e-01 -7.359178007517177100e+00
1.368707175668917131e+01 1.201655253558201153e+01 4.470755760390374256e+00 6.586389759450961279e+00 3.044523108832696834e-01 -1.926842843850414511e+01 1.306300417793789137e+01 -8.847097351138899057e+00 8.073158548169741877e+00 6.425841724569855806e+00 -1.098127185432201713e+01 -6.502491035281293685e-01 -8.276802759875316440e+00
1.344953567569722885e+01 1.092636693376862489e+01 5.023255978964959567e+00 6.240394564970555003e+00 2.691989988404968948e+00 -2.026735881761716840e+01 1.388564943596649570e+01 -8.627376935990907825e+00 8.418281291566309221e+00 6.319454137466099297e+00 -9.845435409065350640e+00 -1.195322265315876598e+00 -4.719824167186922104e+00
1.308445147141527620e+01 1.207024106827231158e+01 3.631618711985046044e+00 5.218282583592888990e+00 5.042612889427813272e+00 -2.376154175879996799e+01 1.645572057306423730e+01 -1.082637408521248901e+01 9.717875971840706839e+00 7.652246118260935148e+00 -9.066713945953262410e+00 -1.579277245489421944e+00 -6.600552580565460126e+00
1.269656800222284332e+01 1.012746787166335594e+01 5.297039524929761711e+00 2.425129078722216391e+00 6.264150373196126331e+00 -2.440694203759071712e+01 1.562114587659388221e+01 -7.077259952366364182e+00 7.187437729859602165e+00 6.206967848164580914e+00 -9.042100461878209927e+00 -2.464267757859164298e+00 -2.937455469447550538e+00
1.228461327223723210e+01 8.899475956663438936e+00 4.476826202406592792e+00 2.639108716548285827e+00 9.896299561968875835e+00 -3.387129618903601624e+01 2.189147275771337675e+01 -3.315546614141931414e+00 7.885741240122109197e+00 1.204553842196233227e+01 -1.399652550259502348e+01 -1.861345316249452431e+00 -2.525048497574005069e+00
1.212131685910765988e+01 1.088976184025955085e+01 5.538736909110556716e+00 -2.400933966254187979e+00 1.783185282063891819e+01 -3.509373393929656970e+01 2.879829634498393531e+01 -1.372554688700087056e+01 4.506599555037380522e-01 1.182412797944551741e+01 -8.733681514855200945e+00 4.753360518885161312e+00 -3.828074427995284967e+00
1.539810279479108956e+01 1.383877425083226598e+01 -1.724155661583508969e+00 1.661882844611743515e+00 1.487723904700304622e+01 -3.761177893050578547e+01 3.571931413100224262e+01 -1.433085894052961073e+01 -5.513074419271178250e+00 2.671119060773255427e+01 -1.040767265763881433e+01 1.379121071234331453e+01 -1.311096223631645152e+01
1.155446967727876917e+01 1.409652200070616423e+00 8.818453977782660935e-01 1.384884237015880037e+00 1.984097287613792915e+01 -3.821865361073918166e+01 3.712421191853449898e+01 -1.159841715012848518e+01 9.842052848462181203e+00 1.273252195517246932e+01 -1.658154227693280802e+01 2.244596236313142867e+00 -3.638544434673488759e+00
1.137427140382285629e+01 1.135062033694036021e+00 -1.259994870741768747e+00 -4.103144249252173581e-01 1.842768366251738854e+01 -3.479182826234213621e+01 3.976199884092072523e+01 -2.082869085558127864e+01 3.811646970401031176e+00 7.981274435309162918e+00 -1.031966584652786167e+01 2.871799433722292516e+00 -3.848854404070535029e+00
1.128061484433000672e+01 2.542211708927686331e+00 6.080577606263565471e+00 2.640179825843294470e+00 1.725066583688418831e+01 -2.849185976088083194e+01 2.931960740361377660e+01 -7.581874671344091432e+00 1.289670125061606498e+01 7.776015952924696606e+00 -2.074185268057187059e+01 -3.292426106981057199e+00 -7.741699404865319600e+00
1.103790252753923440e+01 -2.798755749848533370e+00 3.968367960373541670e-01 1.569236746188771736e+00 1.563739984386416992e+01 -1.918430721286210527e+01 2.608336226753945297e+01 -6.061263128744522000e+00 7.712269848140930861e+00 4.600879837739520362e+00 -1.251647969680930039e+01 2.523554257030082404e+00 -2.177186772579331464e+00
1.071960320083205254e+01 -3.578455755735852950e+00 2.295278927594406770e+00 7.165232536498654659e-01 1.173812520940378867e+01 -1.933740078316300526e+01 2.610663304816760899e+01 -6.418751011483663227e+00 5.098661046270279940e+00 2.979790440792666306e+00 -1.094006047791278569e+01 2.909239881572726283e+00 -7.852136013003081505e-01
1.027784413100909511e+01 -5.002870109204660132e+00 2.059504457337233863e+00 3.224496342593860532e-01 1.246621490589059178e+01 -2.056747424617284281e+01 2.830911556134381968e+01 -7.501297612772187762e+00 2.739450321495427776e+00 2.751687246070741555e+00 -1.074773410627844505e+01 1.320545251039870971e+00 -1.977248122665179242e+00
-2.529125262487824699e+01 -3.074807007287489569e+00 5.230520331371117937e-01 -1.195799721180460073e+00 2.719424094590164320e-01 -3.197356479207448032e+00 3.436393616277200191e+00 -1.150842705392464804e+00 -1.227301790728078795e-01 -4.844411014579059205e-01 -2.701528173990064730e+00 -7.422383867053248263e-01 -9.738253988617133761e-01
6.868325363226657210e+00 -5.519985041426630268e+00 3.155997020891494476e+00 -6.157969692139351192e-01 1.524039301726419815e+01 -2.211155389277185890e+01 3.178773741743014725e+01 -5.766334209451171589e+00 -2.059530879318008267e+00 1.642668727345195867e+00 -1.197444581521839702e+01 5.434063797611020652e-01 -2.469938430159783316e+00
6.791445616075907132e+00 -5.797984512231278309e+00 2.142130730238496206e+00 2.420771441176607086e-01 1.494839335491939281e+01 -2.284181513957204501e+01 3.016508275403006323e+01 -6.970773449259128896e+00 -3.678172554266585070e+00 5.020436752913745027e-01 -1.181277552019397525e+01 1.411309804630939579e+00 -2.269040674045918582e+00
7.442303162785345982e+00 -5.532927281644542283e+00 -1.413214718333640985e+00 3.554196472407951113e+00 1.481538511230834665e+01 -2.653245266972820460e+01 3.124616567619470331e+01 -5.861046359299358244e+00 -5.041605841139022992e+00 -3.569237415906143962e+00 -1.178960508097206628e+01 2.646102624204517362e+00 -4.798316456461192203e+00
6.710330255140783962e+00 -6.083916379117751738e+00 -5.746727675622594900e-01 1.773538807929131877e+00 1.500926086252507474e+01 -2.382452161131638846e+01 2.925984943544908035e+01 -7.641776307756191322e+00 -3.111619906958282389e+00 1.209491348570349845e-01 -1.490124644287017119e+01 -6.118710578505447417e-01 -5.126437560821808681e+00
8.839487947057676820e+00 3.168406596532987951e+00 1.947022316484243509e+00 1.935028197470388678e+00 2.283019950980989776e+01 -2.353719290797480923e+01 3.437581630894693063e+01 -1.077288740999944316e+01 -5.925040128045829135e+00 8.600057736440975376e+00 -1.628515283499274702e+01 -4.895949713178430862e+00 -2.802210964649746394e+00
4.279602726067425422e+00 -2.830841212167267695e+00 1.259123629857597182e+00 1.784709550249370835e+00 1.855059620452513869e+01 -2.226776046722326541e+01 2.976192074458793968e+01 -7.153648244109870546e+00 -4.684509529145175044e+00 3.154240834069043320e+00 -1.395329780946093123e+01 2.571391289110017464e+00 2.549075494707645495e-01
7.160371159033576127e+00 -1.053470734740900028e+00 3.614242791652681142e+00 2.175507641088967326e+00 2.582333655992736254e+01 -2.624407983776386999e+01 3.547363941813750898e+01 -5.935609247015743328e+00 -7.411876309291522524e+00 1.357034769789502882e+00 -1.391945631630371238e+01 5.083765974995023029e+00 -1.808714841800603157e+00
3.526863191013680954e+00 -4.872805731478082159e+00 2.593337004700165149e+00 -4.991184028093464259e-02 1.786108410698308901e+01 -1.864352471029868497e+01 2.684840336711792119e+01 -6.118584405875315824e+00 -5.243932346983242176e+00 2.301979343115485577e+00 -1.249111939605535504e+01 1.126094655352479768e+00 2.817877223462504910e-01
3.374085268956841688e+00 -4.654205684034988799e+00 1.638598413732303971e+00 -1.767732567068619032e+00 1.792502497433564557e+01 -1.741501852702119635e+01 2.523320690525523702e+01 -8.071037145254555512e+00 -4.740994358073922221e+00 3.296182720346467754e+00 -1.093058388077687226e+01 1.378713740034171575e+00 3.582429973646764632e-01
6.051003810696314877e-01 -2.130883596964796123e+00 2.855231021941137648e+00 -1.690974031545350531e+00 1.828347009364475539e+01 -1.604876876339026026e+01 2.384661634676271902e+01 -8.178460812097622323e+00 -4.693919001671548408e+00 4.758955497605923846e+00 -1.028885347824008711e+01 -4.665293151104469849e-01 -8.977268739520449792e-01
