8.340462415585390588e+00 -3.001931978074653173e+00 6.686662472837010540e+00 -1.388154598028913833e+00 1.911394770272621813e+01 -2.048564819427683403e+01 2.799095614769607465e+01 -6.400127387543045998e+00 -6.103751663746984413e+00 3.889719758707496311e+00 -1.091160263188954360e+01 -1.538826180163542334e+00 3.806556609805963332e-01
6.469468052693643223e+00 -1.033217933518266740e+01 2.155830331190966564e+00 -1.516828615434422822e+00 1.667470329909550131e+01 -1.991534510435631589e+01 2.710837944239758457e+01 -7.171482144885207077e+00 -4.332259841995143468e+00 2.251295564432710172e+00 -1.251456418499932610e+01 1.158290876836128414e+00 5.083853832749317680e-01
1.013175788497220431e+01 -6.243217366841476851e-02 2.789209995259250618e+00 6.523580052607774959e+00 2.525339724157173649e+01 -2.503274314360573882e+01 4.165815915248454360e+01 -2.259500536215922395e+01 -1.327682472396408464e+00 6.429650663919914244e+00 -2.161824805307873021e+01 -2.938486560360412447e+00 -2.221293044722786325e-01
9.026690847256611860e+00 -2.195872876178133648e+00 3.481180251420095573e+00 -2.694278245963344087e+00 2.112284944919038665e+01 -2.223829712191809804e+01 4.240660388346439902e+01 -1.179336197712020251e+01 -8.556331483750298617e+00 1.202587156135767543e+01 -8.149818312012206079e+00 1.937320220443060348e-01 -6.666161945621412954e+00
7.493768829020813982e+00 -6.598675363566404606e+00 9.048679061542667101e-01 2.332984874904103501e-01 1.452829616041369221e+01 -2.068557222351555680e+01 2.500641126794899449e+01 -4.459155629094399664e+00 -5.195287157918007104e+00 7.438962663739387082e+00 -1.073166567863008503e+01 1.881577096619148903e-01 -2.035885364516991647e+00
7.944746899765895876e+00 -4.554223141478398240e+00 2.956411422438671277e+00 -7.265402912184974749e-02 1.681766947676727142e+01 -2.205741742506571157e+01 2.477406570781976924e+01 -1.597964680794851322e+00 -5.280577598523604976e+00 6.689258243909505630e+00 -9.456358883359818890e+00 1.066334816778342631e+00 -1.066252499298099510e+00
8.582276907126445309e+00 -3.666806494738215960e+00 2.903093438021461026e+00 -2.012321755155176195e+00 1.386392848566954150e+01 -2.537294819797853762e+01 2.356998528400258763e+01 -5.609201296383163893e+00 -5.891128424678966802e+00 4.904335806611340942e+00 -9.540462201378741014e+00 4.892217422888808231e-01 -2.756382043904218815e+00
1.040191020052082571e+01 2.473669081481847526e-02 2.919613159002472980e+00 2.089060769474624379e+00 1.642261941616736820e+01 -3.367753740412351959e+01 4.085510141112258253e+01 -8.595538937358050191e+00 3.097989774237868588e+00 9.739975817335245978e+00 -1.328001412203433063e+01 1.753664012066088018e+00 -2.446572794693744779e+00
-2.863909763166802591e+01 -1.349903992971506872e+00 1.186662203014834417e-02 -2.620496763115791050e-01 1.925812627054069859e+00 -2.111324083659044337e+00 3.660638441158021283e+00 -1.095848861929863416e+00 7.039175927794998344e-01 1.507489201190229444e+00 -1.152377377831117267e+00 1.416306362554664577e-01 -6.173144031803428078e-01
1.328688761198495349e+01 -3.206407623988988043e+00 -1.343582897619249650e+01 -5.151120840795932132e+00 -3.400775584528918483e+00 -1.896106693423907785e+01 1.570546701274595414e+01 -6.796528543400323308e+00 -2.801709979935228745e+00 3.318946549426969206e+00 -8.058713619905187642e+00 9.450307572139571732e+00 -9.517665409133119425e+00
1.429296447511351253e+01 -6.438788461770246663e+00 -9.819909772005194881e+00 1.320196331957513847e-01 5.369479240213435034e+00 -1.735508458273870502e+01 2.357239979412677400e+01 -1.570803965177097616e+01 1.174499397862061478e+00 3.273980754813086591e+00 -6.861595299748660892e+00 3.088808908578669854e+00 -7.261789439841327187e+00
1.505899153629965603e+01 -9.900012540392923555e+00 -9.645140447641342263e+00 1.526503703846014415e-01 4.489125136932982763e+00 -1.636745720661773262e+01 2.221677187632944950e+01 -1.479968879534287574e+01 -2.030562411146606738e+00 2.801487063179743386e-01 -6.737193256788835960e+00 3.450319236701887560e-01 -3.971227621021182319e+00
1.593068181161961938e+01 -1.244266963913226043e+01 -1.122897072376332872e+01 5.525565808453977157e-01 3.660609640137956866e+00 -1.531758731394796591e+01 2.495988636564256069e+01 -1.310561879238160010e+01 -6.724534713649165107e-01 6.876609096862325021e-01 -6.564388890414957878e+00 1.709459505581931271e+00 -4.871834920342341668e+00
1.650806319662140709e+01 -1.360970785410810002e+01 -1.304688055737581642e+01 -2.541229683511045390e-01 4.217753099740293443e+00 -2.105732626572696731e+01 3.235602651794017248e+01 -1.697302728621886558e+01 2.469162517612957242e+00 5.358235166145137313e-02 -9.825212021108937321e+00 1.762413123441540774e+00 -9.229996551118842874e+00
1.782854407359229754e+01 -1.568442795719605876e+01 -1.796829313748629176e+01 -4.916502356074012425e+00 4.452545726345839228e+00 -2.126757840723940518e+01 2.673628561829523775e+01 -1.568601470956329358e+01 -3.366956291445839078e+00 9.007832791864753830e+00 -1.863232798792235556e+01 1.077984608817606293e+01 -8.151961585476069416e+00
1.746101131687301589e+01 -1.791103592952192969e+01 -8.390631685200370171e+00 -3.641637136037512601e+00 4.550808121395826689e+00 -1.783162718691615467e+01 2.330937413655788859e+01 -1.514968439278463741e+01 -3.044612561886262281e+00 3.659533275821375220e+00 -1.175727034418547134e+01 1.954466659749262369e+00 -5.438184354495071204e+00
1.800796414477683172e+01 -2.257291146404471860e+01 -8.011996647325227983e+00 -1.072189977591263776e+00 -1.307106858045617992e+00 -1.512730922128450040e+01 2.143975241778530361e+01 -1.175095346171968913e+01 -4.079580422106259263e+00 3.369124335293014916e+00 -8.910661851464139360e+00 1.698485975319958152e+00 -4.207189531506073443e+00
1.814819327665350102e+01 -2.464835294181731484e+01 -7.983193287634985147e+00 -8.473402093055156792e-01 4.050662432062738794e-01 -1.598124659273490344e+01 2.240962844043648516e+01 -1.148013112116268175e+01 -7.636651192656865206e+00 4.418582509206087749e+00 -1.338901652815575716e+01 4.268528425349804145e+00 -2.543565819301716324e+00
1.837516528349599554e+01 -2.599156263617977203e+01 -7.922410910989591493e+00 -2.112003752528611944e+00 3.277589493342091931e+00 -1.762664854831479033e+01 2.203318477452675950e+01 -1.059402435232535922e+01 -8.787010649343047319e+00 7.102418183324206602e+00 -1.426186217110693732e+01 4.671257498746755665e+00 -5.128635568361596064e+00
1.851210680332009417e+01 -2.506344371314298769e+01 -7.008975702019109022e+00 -8.887532222860267117e-01 2.373744669977171373e+00 -1.700026258812905766e+01 1.947150719508890759e+01 -1.040110783424437457e+01 -7.133556967366009083e+00 6.139569088941342123e+00 -1.291543302529690251e+01 4.017293013200707641e+00 -7.619071937655858662e+00
1.857692034621300436e+01 -2.451380507445925971e+01 -5.561195737025699692e+00 -6.867632497471463093e-01 3.741717438944637042e+00 -1.962380918807023278e+01 1.980746652830594456e+01 -9.376690532179827287e+00 -8.182135565854999015e+00 5.518474593028433794e+00 -1.200253500202376777e+01 4.210164999652874940e+00 -1.005188031335012688e+01
1.859468680111765337e+01 -2.289012332801690519e+01 -6.998042972308907039e+00 -2.152601885944447346e+00 2.608869945815017299e+00 -1.811649429189345994e+01 2.107405526837607823e+01 -9.219305181234284774e+00 -7.739006826322145649e+00 5.000185344091133466e+00 -1.327698957762993892e+01 4.239660714286866749e+00 -7.613494753399430159e+00
1.852739494934708731e+01 -2.138910584842284024e+01 -7.395716708078132307e+00 -3.313757345768680640e+00 2.362598612072078108e+00 -1.869362015082013428e+01 2.335988679813910096e+01 -8.655025184920079440e+00 -4.991854902596042365e+00 5.703495302456077276e+00 -1.474571381847203000e+01 2.013923487685511660e+00 -6.724519701223584001e+00
1.842702268179834135e+01 -1.646180932562132071e+01 -5.616180921775709933e+00 -2.576525724041134779e+00 2.226476175981470629e+00 -1.983807767559556012e+01 2.268896377138034026e+01 -1.168398228500690905e+01 -5.729202282593098161e+00 6.362292275346110415e+00 -1.466603815375904141e+01 4.071189729839415961e+00 -7.736010139802108831e+00
1.855737673108744090e+01 -1.209425621737460155e+01 -6.865703938412301532e+00 -3.327788230880412979e+00 -7.281091509035879650e-01 -2.234511952105683719e+01 2.156392074242755541e+01 -1.344162639854861574e+01 -2.990860163871617239e+00 7.091281504621180787e+00 -1.536814113127485015e+01 1.972544131899340192e+00 -8.216315372448544707e+00
1.862734296604970297e+01 -7.829813864143977398e+00 -1.107097757871852117e+01 -3.692958952690940322e+00 -4.482883014182353243e+00 -2.355008414534637851e+01 2.203884016964676462e+01 -1.440020039412287289e+01 -4.320990920884460351e+00 8.599741929625311698e+00 -1.567468520045001945e+01 3.158295816726889971e+00 -8.096549986554943956e+00
1.810198255433428116e+01 -4.319001785388445924e+00 -8.705774226284157535e+00 -1.254129132539748781e+00 -5.113304271108559007e+00 -2.087441829407098837e+01 2.241925057444142055e+01 -1.456056948926580397e+01 -1.061794704928274546e+00 7.724492889447054367e+00 -1.225764642159105655e+01 -7.011312717497572011e-01 -5.729671218731213322e+00
1.771720309633384005e+01 4.202099588598533941e+00 -4.164978080538111804e+00 1.822711488532105184e+00 -5.035870728919518591e+00 -2.000269078709873227e+01 1.990954604126691407e+01 -1.470911249097722795e+01 2.222794358748493515e+00 1.315382490495327961e+00 -7.877183775834694757e+00 -6.703428202159375182e+00 -6.505725584210892976e+00
1.773664030187246610e+01 1.187427035599745295e+01 -3.440457207676344442e+00 -7.905459352581851729e-01 -6.481385479461064136e+00 -2.697425173953977406e+01 1.865995652950029182e+01 -1.940180677027848688e+01 7.786574388085653275e+00 -1.439281408711610803e-02 -8.219288833997410393e+00 -7.622079066729566144e+00 -9.258684487818980458e+00
1.809569919763725210e+01 1.362756133049284912e+01 -2.274659256455719536e+00 -5.089449253505382131e+00 -4.349156026547878362e+00 -2.927513485408478999e+01 1.819257116449108125e+01 -1.806756204995377502e+01 4.532980800033183044e+00 4.052498688957862250e+00 -6.650729434266119178e+00 -9.664215695787010674e+00 -8.847133714222705336e+00
1.819860393398392162e+01 1.521487453261167033e+01 -3.106872511908875367e+00 -7.511435320391147030e+00 -4.492226183478408963e+00 -2.935713813611500456e+01 1.799146405299190832e+01 -1.618475945189468845e+01 5.531744243510284598e+00 4.811307468538768006e+00 -6.992938927959886364e+00 -1.087137703526347998e+01 -6.971242468778785728e+00
1.868341627349693113e+01 1.719297288925272227e+01 -3.291694124280360789e+00 -8.533035234048082174e+00 -2.670038033361418872e+00 -2.782459353946350689e+01 1.345061860403354004e+01 -2.079103513720717444e+01 4.208945804823704950e-01 4.217423090038382227e+00 -1.099748213430697241e+01 -8.586096845054569826e+00 -4.448624850578366541e+00
1.811621436837994281e+01 1.832623427184671527e+01 -5.782872211208626823e+00 -6.827008727697342572e+00 -4.766739330937545205e+00 -3.019542962445753176e+01 1.386635459808890580e+01 -1.592470321290717017e+01 4.616589654945039811e+00 4.272882800661630398e+00 -8.372373875902825446e+00 -1.442604410590150543e+01 -6.984954074944271341e+00
1.819064648846662280e+01 1.857774262821546785e+01 -7.768729781086531005e+00 -6.325771680849386236e+00 -5.318918503112019636e+00 -2.796817989781157365e+01 1.429874419458886692e+01 -1.686316741209619252e+01 4.429942282492720373e+00 -2.111183229004000850e-01 -4.652200596224203899e+00 -1.717277729338730197e+01 -6.896170711525870800e+00
1.819616630202462204e+01 1.815129292980336828e+01 -7.549944939410218936e+00 -5.614689671602987708e+00 -7.429763065705577318e+00 -2.580991378729165220e+01 1.241805312367219294e+01 -1.501546683345410393e+01 4.296843293302799793e+00 7.319200429328117652e-01 -6.760828931737336234e+00 -1.511429160548483530e+01 -6.617680162604515637e+00
1.819430450076339412e+01 1.784298242112220834e+01 -7.325469633148447457e+00 -5.392864051780198231e+00 -6.274860997361089154e+00 -2.381210699040707723e+01 1.264766010088806425e+01 -7.560893561572131105e+00 1.794440925143629517e+00 5.943719894012075677e+00 -7.357098232264868365e+00 -1.231104695469138655e+01 -2.135976255618396102e+00
1.835055703979294961e+01 1.929664499437181391e+01 -8.559156869482363206e+00 -5.114949994261483113e+00 -1.119514807682330293e+01 -1.887750682786769829e+01 9.645223260052864234e+00 -7.468025214234131681e+00 5.380697329974541532e+00 6.931337053066691567e+00 -7.216775701359437356e+00 -8.600118974465887689e+00 -1.433497893615282681e+00
1.808636500272901415e+01 1.789835733093486425e+01 -9.151991719981259266e+00 -4.961901489021443901e+00 -8.271202271362557923e+00 -2.075502307811109759e+01 1.371980225369179784e+01 -8.175273235049653309e+00 -1.858411081589210201e-01 8.670785398238187724e+00 -6.701685062547199756e+00 -1.043607172274347938e+01 -3.162152899189526689e+00
1.824922958440033227e+01 1.755474432888363623e+01 -9.170377471630779098e+00 -7.834365962652510618e+00 -7.663931643906053637e+00 -1.830976470242999810e+01 1.093717063274835510e+01 -6.017362905386251626e+00 3.335768187819436736e+00 8.575431852450776660e+00 -4.819890478640291853e+00 -7.223893099999500578e+00 -2.503674368411493045e+00
1.791844930996500196e+01 1.548865419435775515e+01 -1.046031838176679507e+01 -3.283620841063955798e+00 -5.302094561102250303e+00 -2.024511276575545082e+01 1.614876707118292742e+01 -1.289365918720819693e+01 4.273226218119615671e-01 7.781759303182509413e+00 -4.713116533605164804e+00 -7.397114276360948537e+00 -3.274973699115753867e+00
1.786675601934439683e+01 1.609550926591207798e+01 -1.198057110970009376e+01 1.426752541723615708e-01 -4.852331217151775178e+00 -1.922097455347685724e+01 1.880035447033109008e+01 -1.406859918812955712e+01 8.749949673174055587e-01 7.889696936762470969e+00 -3.549843863234894759e+00 -5.922482223955588765e+00 -3.980270229465136644e+00
1.773317850817779373e+01 1.434592109852675890e+01 -1.124672197990825495e+01 4.904456717758594042e-01 -5.059760736860431152e+00 -1.564329600945708876e+01 1.437098637450907113e+01 -1.161782936653933618e+01 -2.292104585444177389e-01 9.751948544754203141e+00 -2.829758105079436703e+00 -6.246514890964779632e+00 -2.759134242094563927e+00
1.755597820990813318e+01 1.548783645089459426e+01 -1.195281240756660246e+01 9.676241447340274693e-01 -4.514451941865711859e+00 -1.522447524856380241e+01 1.508616271324285307e+01 -1.350871700517205021e+01 -2.342641506956542496e+00 8.846319978256357075e+00 -2.167362614412107646e+00 -6.443656934563340322e+00 -2.922929442113201048e+00
1.736756191619522482e+01 1.517673003945666643e+01 -1.153042176524420981e+01 2.036234141090930372e+00 -4.995970927440941622e+00 -1.256616756733386886e+01 1.482254399201819339e+01 -1.544603923556206837e+01 -3.859736192603318905e+00 5.716885601217996715e+00 -2.297833635340696956e-01 -5.775766222186205390e+00 -1.536059558274787795e+00
1.715292719392467191e+01 1.499604767681242734e+01 -1.211414213637556436e+01 3.889874151450135376e+00 -5.231614131397475553e+00 -8.327988566920771163e+00 1.037304032305394230e+01 -1.451366709293475488e+01 -5.778913714276340485e+00 1.384373010863595210e+00 6.501927472734275737e-01 -6.384385430923667393e+00 -1.282429766760629031e+00
1.688103105428031370e+01 1.522335557759633495e+01 -1.206715737085279549e+01 4.133427330100322372e+00 -3.813458176514691989e+00 -6.890872666822341230e+00 1.077464275854335263e+01 -1.741690548298519658e+01 -5.024818537121406692e+00 -1.715715047991597464e+00 2.805813616994680348e+00 -3.580537036584090949e+00 -8.776789426844840980e-01
1.665513821979856246e+01 1.552229843653299568e+01 -1.368654128844090323e+01 6.100571305385353860e+00 -1.805225373095489916e+00 -4.305833969534964112e+00 9.777560800414640596e+00 -1.579757526784919897e+01 -6.519851284921319490e+00 -1.652313042530706655e+00 3.713933806293416851e+00 -3.145790080590243232e+00 7.888492482156325147e-01
1.647233857178854777e+01 1.370725225673812631e+01 -1.238788196585072576e+01 4.398891478729601623e+00 1.557343460554196257e+00 -5.551011335818145653e+00 1.215158885875899308e+01 -1.887758447085809621e+01 -5.454436887293187652e+00 -2.753525597772532585e+00 3.052628133703313207e+00 -2.936806726821397096e+00 -2.945729798788529127e-02
1.625343057382765721e+01 1.161102094925520412e+01 -1.145884699671043450e+01 6.227617453724618279e+00 3.939242705878759132e+00 -5.185137356541663856e+00 1.044804181573689661e+01 -1.972074531987053447e+01 -4.257739963917022585e+00 -5.060177403681271890e+00 2.465893310644498904e+00 -2.423514202854669009e+00 1.864514043959194955e+00
1.602270866909154634e+01 1.103934811198705823e+01 -1.062017158957665330e+01 8.599269905258044133e+00 3.128603817110210628e+00 -4.002772507437009075e+00 9.221555032628211634e+00 -2.067757089288302197e+01 -3.274711006093617982e+00 -6.993095944126785035e+00 2.853534664208694061e+00 -2.828571622758014659e+00 4.102768523746410517e-03
1.589213604849758177e+01 1.015443681220443217e+01 -1.092921090217459579e+01 1.133221546473281016e+01 2.690647979333650408e+00 -2.776551230478888410e+00 6.628099548002228225e+00 -2.235571862004069388e+01 -1.749039139230907258e+00 -6.388076563635181948e+00 3.397768100776573874e+00 -2.780258487439961179e+00 -2.551645213959829843e-03
1.568666905327857464e+01 7.613821152620928068e+00 -1.003427863209202719e+01 1.000034679037362473e+01 3.957412724180497943e+00 -3.032799121654368157e+00 6.674620514748382583e+00 -2.139203648789195711e+01 -2.818203854062295122e+00 -4.072637457386807824e+00 -9.634348362656989240e-01 -3.350407251477476311e+00 -7.134105243592372414e-01
1.545587726393979189e+01 7.406291311070779315e+00 -1.014557056623889864e+01 1.017168560271652922e+01 5.797271724885035837e+00 -3.482554282308254034e+00 6.630849685346531075e+00 -2.240704834385516975e+01 -2.059487746611442738e+00 -4.416432917276188697e+00 -1.124114032334947888e+00 -5.583347991379461028e+00 2.951986760610649796e-01
1.519981689032013428e+01 6.671734928652887753e+00 -9.589971342921364439e+00 1.012235289062752841e+01 7.122781595280804900e+00 -2.943853732706029902e+00 7.985796822753671087e+00 -2.066953338298843690e+01 -3.417396658221647066e+00 -2.556839082990213452e+00 -1.860402318802602650e+00 -5.936078133704631554e+00 -1.701665811304798437e+00
1.497910266845194194e+01 5.965646806905068544e+00 -9.027901773759198889e+00 9.627144574760530205e+00 7.772848659363949864e+00 -2.941303708183486965e+00 1.134483940414308023e+01 -1.969395149201755757e+01 -2.688715578266112516e+00 -3.566004652295058364e+00 -1.686330211944839341e+00 -4.074026631347208216e+00 -5.281243157862124171e+00
1.466525186801367830e+01 5.166372854135985904e+00 -8.708000697760200026e+00 6.832474469815907447e+00 9.367365739560590043e+00 -5.826526545691847581e+00 1.209795800467738758e+01 -2.124004821888207317e+01 -7.230563193434994540e-01 -4.695670015769178640e+00 -1.197591083021947611e+00 -1.947945441262589394e+00 -5.278024088309529738e+00
1.454665554752401313e+01 5.290858251241057353e+00 -8.928790857358437805e+00 5.665254976829124267e+00 9.186559299942473444e+00 -8.152502559664725368e+00 1.548866602896547384e+01 -2.050489427638420636e+01 -1.850741492977281188e+00 -4.199122135874651995e+00 -3.671925969262062939e+00 2.990554727339072572e-01 -3.730697663163169864e+00
1.437136525492584660e+01 3.834897595554473071e+00 -8.121713901632221067e+00 5.490684937495306173e+00 8.437080691531422261e+00 -9.624933981859227217e+00 1.456497328190375029e+01 -1.941102803909103258e+01 -4.947317905105120595e+00 -4.995083045685631440e+00 -6.693869718497824195e+00 8.521831925888825321e-01 -5.030184748048502463e+00
1.403485221422667628e+01 2.621639089516189625e+00 -8.259534787612315299e+00 2.893199814329874275e+00 3.536595743874098474e+00 -9.435356278156113774e+00 1.101454719563758466e+01 -1.617532686678654841e+01 -2.906519450149124939e+00 -3.079406268337612662e+00 -4.358076591936429267e+00 1.866331627372171287e+00 -4.877173071807932025e+00
1.581758045994752138e+01 -1.886684080478697467e+01 -8.286652928630736881e+00 -4.562823794697743018e+00 9.913784599517198037e-01 1.159479009944442973e+00 -7.441836506986071464e-01 -8.384498999943515329e+00 -4.852824748327924098e+00 -7.768098341342647650e+00 -9.022018509647468321e+00 4.920834138698291227e+00 -2.899816138422378398e+00
1.350746901584915882e+01 3.762147088361678993e+00 -9.486404341919847383e+00 3.548153691585284264e+00 7.457782737961109909e+00 -1.125165153091514547e+01 1.781878216840315687e+01 -1.628603220484350800e+01 2.720048962156805583e+00 -3.324121780104714041e+00 -8.244459604633183503e+00 -2.652386788665353379e+00 -3.918944415923965696e+00
1.331038243521681608e+01 2.215603537183006289e+00 -8.439023587862859443e+00 3.941957173897194355e+00 8.009354686121918476e+00 -1.304199851483549644e+01 2.060828806317809736e+01 -1.651478912088452233e+01 9.621602530682270560e-01 -5.823470513844012375e-01 -8.696071343356893024e+00 -1.389076092806180718e+00 -2.577751229332210681e+00
1.322778959541044053e+01 1.218440930335414230e+00 -8.070004970030430158e+00 2.827895731851180816e+00 8.176886643804740729e+00 -1.597080257312333451e+01 2.305998402054365215e+01 -1.533499446097602892e+01 -2.138363255570877808e+00 5.041982639560387724e+00 -1.098518482183795619e+01 1.110194847319946332e+00 -4.882270888935612341e+00
1.510440666261495757e+01 5.023703600157189086e+00 -7.285727790680827987e+00 -1.823159458969804803e+00 1.209474577510727578e+01 -2.261679804984004249e+01 1.959132676265672046e+01 -2.251616059327634289e+01 -7.716023816336004870e+00 8.839615874250268845e+00 -8.061450131535229602e+00 2.894307638759071377e+00 -6.434702214049449864e+00
1.385230303701738563e+01 2.147064539531510441e+00 -7.649276525522274994e+00 -3.673063878247307401e-01 1.196228167252239238e+01 -2.198844569504592883e+01 2.641032670851924991e+01 -2.010197225576001401e+01 -6.726173783092328051e+00 1.271299950121649758e+01 -1.276084373315125298e+01 5.901052382752122405e+00 -9.426943419586715223e+00
1.457776624927749687e+01 2.621990279665724621e+00 -9.386084543122811041e+00 -6.216169262881976465e-01 1.460220824527512384e+01 -2.314137739284177897e+01 3.311158917507769672e+01 -2.431687089732157858e+01 -9.544453927108603963e+00 1.004411735465594013e+01 -1.446751489007643521e+01 6.239030682497861413e+00 -7.829786103137551301e+00
1.209600289356921721e+01 -5.279045525362432434e-01 -3.869690890182123422e+00 1.529375457200876198e+00 1.314284237944615974e+01 -2.072932563233610637e+01 2.939521638649940272e+01 -1.290539072313330493e+01 -4.402648398938914909e+00 7.728269105602948663e+00 -1.573708004762460178e+01 5.333230715506163122e+00 -5.668989377239547878e+00
1.600332551008154169e+01 5.984584065933162833e+00 -1.454060660127854376e+01 -6.789176240170568200e+00 2.226451691855002935e+01 -2.640905753401129630e+01 4.485121514472901083e+01 -1.109361195202970229e+01 -6.011689892323158091e+00 1.522689395216185737e+01 -1.676174730954900838e+01 6.335166285685227550e+00 -1.509291812390748433e+01
1.088059045733124819e+01 -1.556501355442539980e+00 -8.535328896077942762e-01 1.542326920044446048e+00 1.364829858755012459e+01 -1.825510892363289273e+01 2.251148360647369628e+01 -6.950495735192848024e+00 -4.195645118470035406e+00 1.008388403904937292e+01 -1.442829179096622383e+01 2.449540956230235267e+00 -3.279753414781976240e+00
1.062698659007915403e+01 -2.526403872481882029e+00 -5.949031431572097128e-01 -8.719425602888934979e-01 1.266912088155422644e+01 -2.110479947782987509e+01 2.170536194300565569e+01 -6.006780189017399962e+00 -2.653656194962473513e+00 8.570499793347408968e+00 -1.398651827200171915e+01 -5.106088267763777555e-01 -4.030804280017732388e+00
8.885985520549345651e+00 -1.021154214772873559e+01 2.101197986200709078e+00 -2.233720267291225969e+00 9.803757584560463201e+00 -1.646327175231990125e+01 1.409556955183512095e+01 -4.884717760853246382e+00 -3.806510694285125229e+00 4.625225769257352404e+00 -1.166721637146383728e+01 -3.088536820868724053e+00 -2.960899385887894031e+00
-2.928821503320040520e+01 -7.495777309782688524e-01 3.653809616841030006e-01 -3.659947651702788463e-01 2.057670533133166391e+00 -3.114336246168934341e+00 3.165668619855540378e+00 -5.388490628174360531e-01 -9.239248029099446369e-02 1.193406403294905660e+00 -1.836011750134975307e+00 -3.729395444497843326e-01 -2.088433530033762253e-01
7.450475816741734647e+00 -7.798382423690893850e-01 1.714347723876353813e+00 -3.590074495415706668e+00 1.533445348614553261e+01 -2.527410369000493873e+01 2.238605925817149966e+01 -7.240327612046090877e+00 -3.332324699623962605e+00 7.395519284111420788e+00 -1.302475053762678314e+01 -1.032673954447169473e+00 -2.075616347927254635e-02
7.456050418382121237e+00 -1.273620479634413716e+00 1.893448837084920511e+00 -4.169131987754891355e+00 1.460860902490099988e+01 -2.324938566126219897e+01 2.345371384844899509e+01 -7.425232356439619430e+00 -3.779204263033963063e+00 4.464003659525403123e+00 -1.346844481115551595e+01 -1.622517967189133881e+00 3.748346943695555211e-01
7.232292599388708609e+00 -1.535359061336286413e+00 3.051800356860479457e+00 -4.211403269712173270e+00 1.576295773559086655e+01 -2.325366448391599405e+01 2.384556522910491339e+01 -7.520499331223291506e+00 -3.069793345138177365e+00 1.512595588158357929e+00 -1.256412377720402240e+01 -7.020287874860271504e-01 1.325039456736171406e+00
6.968082986397272194e+00 -2.003804156509838119e+00 3.994888062653423777e+00 -3.407851831886032024e+00 1.596115971859241789e+01 -2.323807317061459088e+01 2.476541656484923948e+01 -6.369858420082841199e+00 -2.693901240142705600e+00 1.046529734420364122e+00 -1.045775155611534757e+01 -6.934817346842785390e-01 3.325082081112462704e-03
7.067428763745396303e+00 -4.002789420243328067e+00 2.487719066736078233e+00 -4.967728602851069653e+00 1.789907712869877798e+01 -2.201519997731154277e+01 2.849258227685535516e+01 -8.349358177680473503e+00 -2.825869009349609495e+00 4.594226382384317020e+00 -1.010448663119257873e+01 1.920571659470401649e+00 -2.024379450016978943e+00
6.463061600146135177e+00 -5.170514878484315346e+00 1.503526612857510214e+00 -4.666064602341420731e+00 1.658727582881824603e+01 -2.188617699874486178e+01 2.513277131529601149e+01 -8.958180605270147367e+00 -1.465894208090152695e+00 3.908447951055625147e+00 -1.231403163787202182e+01 1.835876508700180931e+00 -1.831833449642360501e-01
6.244983640041967377e+00 -6.265803669021315692e+00 1.664761783719174160e+00 -2.733279494464047943e+00 1.585334146910631681e+01 -2.129108070283891507e+01 2.399413605392220461e+01 -7.723926412391368679e+00 -3.282907113633795948e+00 2.751356560042215627e+00 -1.526739245989860372e+01 -1.188978606406048133e+00 -3.181073793789092052e-01
1.116151812726661863e+00 -1.069065177993695936e+00 2.760092966336217035e+00 -9.181204305047561132e-01 1.626448474466825189e+01 -2.099273684495694070e+01 2.294126473396924482e+01 -8.802585863413792566e+00 -3.321784816991001144e+00 4.089087322473555552e+00 -1.333444209726423324e+01 -2.102863403816980448e+00 -1.759913911833599798e+00
1.686961715672683493e+00 -4.085445023271661036e+00 2.963846020334538700e+00 -2.651324104853363672e-01 1.406779636860582272e+01 -1.767228831212825924e+01 2.168982971476293997e+01 -9.048851046447927260e+00 -2.416243462057237501e+00 1.849679740477547574e+00 -1.067248901143810436e+01 -1.070020085123558840e+00 -1.704378465392718756e+00
4.573906284542394118e+00 -5.375736175477047851e+00 9.626957742633839299e-01 3.335849522584011684e+00 1.607358279515879218e+01 -2.612206424375508362e+01 2.783841235681520487e+01 -1.561055068549121394e+01 2.872329251584023524e+00 -1.388863756364502322e+00 -1.415260885529622037e+01 6.341983172459934037e-01 -6.235871642371220602e+00
5.360709488784315191e+00 -2.478295978468480598e+00 -5.044098196078268259e+00 7.432497104968001089e+00 2.132360682453133194e+01 -3.349414007985040342e+01 2.962857099237769631e+01 -1.001631652830126207e+01 -1.412537155587356263e+00 -6.111880174015234424e+00 -1.514437600850832766e+01 3.136679213088048535e+00 -1.516378408551564805e+00
5.431643103609816059e+00 -1.408924659927025258e-01 6.915308944065341024e+00 -2.736990251851828315e+00 2.490205346147929077e+01 -2.840595182692199927e+01 3.087188139472367965e+01 -1.261676697372425160e+01 -9.293871198706453285e+00 5.434835440267724138e+00 -1.190332883184011870e+01 4.241465023562008163e+00 -2.177405563397659449e+00
