8.846352653212951722e+00 -1.666996510027215450e+01 -1.314360703902181404e+00 1.970192736852429960e-01 6.843849451379870885e+00 -8.937292506627436239e+00 1.412233210513622161e+01 5.459514523948578724e-01 -2.305846769643429717e+00 4.960028682327971339e+00 -1.015358396655060114e+00 5.068362655462624211e+00 1.255243793554891907e+00
1.020567429851404917e+01 -5.888650062783306716e+00 7.722357635575987089e-01 -1.657319376281333190e-01 1.755792926660929965e+01 -1.886342793187753486e+01 2.757880567929943538e+01 -6.435376433199770929e+00 -4.379202703142636821e+00 8.310977862273576378e+00 -1.078853314543920305e+01 1.215799603002756107e-01 -2.142734755218236753e+00
1.028455419928780223e+01 -5.832045810016891707e+00 1.978076477104545372e+00 6.684599435478653096e-01 1.626202665250506740e+01 -1.846622060064488124e+01 2.673153431157684423e+01 -7.130630183781574871e+00 5.585083091126453736e-01 6.885677240800595733e+00 -9.733844149668584578e+00 -9.288783997842113838e-01 -2.966585132273368064e+00
1.000268028632601869e+01 -1.038960751118885106e+01 3.287099446535043934e-01 6.658943527114488115e-01 1.368851203359928626e+01 -1.378281344115777074e+01 2.207809358214722550e+01 -5.923582851000731786e+00 -1.438504874583730331e+00 7.207567840483998012e+00 -8.910152610089223657e+00 -8.295328347040696881e-01 -3.412706805572765845e+00
9.920629333995092836e+00 -1.407715000963975704e+01 -9.422895759211311617e-01 5.495513950892792820e+00 6.640439029188279996e+00 -7.565320679930235492e+00 1.557780512308653087e+01 -7.321217788606427135e+00 -1.257302945671518457e-01 6.035323818023527132e+00 -1.056392030760803635e+01 -1.005347049306020590e+00 -1.138765769372019898e+00
1.081864365900521996e+01 -9.849495325415002611e+00 -5.538055735636997490e-01 4.128466501382797915e+00 1.143149797913478771e+01 -1.388514250538182360e+01 2.259212178560281004e+01 -7.410619054424317120e+00 -1.097285412821177975e+00 5.640833833358775529e+00 -1.018698958894830398e+01 -7.876115806626954319e-02 3.454324742670541321e-02
1.043794547216890223e+01 -2.928821361315045557e+00 1.019072592689817425e+00 -3.267840507639165004e+00 1.772194519072657926e+01 -2.430138172161991150e+01 3.849519975370952807e+01 -1.224460346097391650e+01 -4.936230334007426279e+00 1.303883843701688683e+01 -7.197176118641475107e+00 1.190704744383723312e+00 -2.142200168513173963e+00
1.058207049180733428e+01 -2.709963793447187186e+00 7.032079447752064283e+00 -1.377919460692613507e+00 2.239202019445268377e+01 -2.523536811625366028e+01 2.796117104542602760e+01 -7.579827657183597189e+00 -8.775194590885650570e+00 5.022159218605104058e+00 -1.004928223902228268e+01 -5.103858498398303883e-02 -1.660052210933865124e+00
1.090554443070341861e+01 -1.014540617202210804e+01 4.981577318263218146e+00 1.717243958055497233e+00 1.672545980570478008e+01 -1.695407372885543751e+01 2.341147323625652277e+01 -5.338044626447197238e+00 -5.443666894617011920e+00 6.015212432407818888e+00 -1.165842874526334150e+01 1.291063920227363493e+00 -7.280195031227182367e-01
1.070990122802868783e+01 -6.024905606135176228e+00 5.435616185620991025e+00 5.748729818112202627e-01 2.121592580758997570e+01 -1.900582196067215079e+01 2.555627914494165864e+01 -7.654322557044954678e+00 -8.874625844224704352e+00 1.529950152927810780e+00 -1.342647604415988027e+01 4.119276395838263660e+00 -2.060133485236001205e-01
1.096236714214443353e+01 -1.056947052523483599e+01 4.187959634697400624e+00 2.218095703769909832e+00 1.482498311966330640e+01 -1.698424292595487728e+01 2.000314431549398009e+01 -5.849126922105907234e+00 -6.229622161773834321e+00 5.952161253981752331e+00 -1.381454176869981332e+01 2.212873978493989036e+00 -4.225021261047095855e+00
1.086618993172879932e+01 -3.399556886863075444e-01 5.173016106252446455e+00 7.136643221252788827e+00 2.425059764772672466e+01 -2.890982591449050787e+01 3.028362255484952215e+01 -1.125414627688167357e+01 -4.135880562668080351e+00 7.541015666230487469e+00 -1.194323991002843677e+01 3.468922613724387372e+00 -6.840222801624736171e+00
1.217499014645163768e+01 -1.488106738342209034e+01 -5.557931519523454433e+00 1.448264553710046698e+01 2.215598729615943174e+00 -1.435778140233332856e+01 2.630765103435177465e+01 -1.091345613393638025e+01 5.049486372204956552e+00 3.867490285270822614e+00 -1.958141522744288432e+00 8.667793959819728444e-01 -5.457935536746180816e+00
1.516348851205220605e+01 -1.757002744544318418e+01 -1.490744550347303310e+01 3.212085796291430739e+01 -1.180066205470121865e+01 -8.709021014263429450e+00 2.084039586161201996e+01 -1.287616802023205942e+01 2.753224721982611367e+00 -3.607230095902362432e+00 1.898411187709868830e+00 1.650754686795812498e+00 1.244503000257411340e+00
1.696518377755229778e+01 -2.197697306771101822e+01 -1.883616067277386463e+01 3.612391270823881939e+01 -1.686702284821629405e+01 -7.343030977048792707e+00 2.271736229711035193e+01 -1.468790196577272233e+01 3.500462069103197127e+00 -9.988863972251788015e-01 2.448708725676322029e+00 -3.257060657398235026e+00 3.000808536044576424e+00
1.810387010075596237e+01 -2.364568797245411602e+01 -1.798620021525577073e+01 3.471139260778174673e+01 -1.812658571274899799e+01 -4.007465950302985469e+00 1.970012260279462879e+01 -9.811376077142758945e+00 -3.814428560099356602e-01 4.582335010405722109e+00 -1.662308425083724117e+00 2.055512080349073400e+00 -1.557824058534303280e+00
1.876423663751835491e+01 -2.992521976784769322e+01 -1.651994551180542103e+01 3.574077993948566956e+01 -1.759722836285342140e+01 -3.989904683387745177e+00 1.731090475974258780e+01 -8.837300223266119303e+00 -1.381506102829809901e+00 1.416264276182516824e+00 -1.469224225182176102e+00 1.829690171044847213e+00 -3.216660123425655993e+00
1.929148929182774097e+01 -3.114132225381634456e+01 -1.276334096478067259e+01 3.393974726720113466e+01 -1.753212958172286662e+01 -5.931950847604064769e+00 1.779631946721466917e+01 -9.625074372545062928e+00 -2.368278177245360716e+00 1.982697233516374835e+00 -2.327949485435430343e+00 1.356992068482590241e+00 -3.607490320040305676e+00
1.964370689191008879e+01 -3.121318290647882776e+01 -1.145520213682790356e+01 3.250850321170153023e+01 -1.861171117428606436e+01 -8.226089180499545961e+00 1.836483424788521646e+01 -8.729210080251005976e+00 -6.755914275824687065e-01 2.857423465918485839e+00 -2.185657294190545663e+00 1.539835995717133477e+00 -7.976797331070936359e+00
2.003079856466343500e+01 -3.377232300941519583e+01 -1.058457819505304975e+01 3.348966249553614460e+01 -1.942243133230465091e+01 -8.658006338332553398e+00 1.872921574183920512e+01 -1.026133827559551825e+01 -2.826757289476466095e+00 2.122762968030333042e+00 -5.066184740353501859e+00 5.158061150121894256e-01 -9.509882557907582523e+00
2.028237117930243016e+01 -3.413513129968740856e+01 -1.065991129918509550e+01 3.305417198197415019e+01 -2.080915727837550122e+01 -7.784348084956412173e+00 1.943323491714552986e+01 -1.084276468234688551e+01 -2.685409083060633861e+00 3.348674975929102349e+00 -5.001433227912469803e+00 3.125463449654556580e+00 -9.844656852457822183e+00
2.053381501051480384e+01 -3.411708703342038262e+01 -8.779756066358952893e+00 2.989559833901869368e+01 -2.211826664895722061e+01 -9.133314019744304346e+00 1.789754553809141413e+01 -1.315607067942994313e+01 -5.134395871111562926e+00 5.635581944551751876e-01 -6.624997904182009734e+00 3.029649635999297708e+00 -7.932301301609098410e+00
2.073979915971006704e+01 -3.449119364083528438e+01 -7.168005500359332594e+00 3.053087017788531554e+01 -2.212907456449145727e+01 -9.790652339767195400e+00 2.213252296140914410e+01 -9.159255586449583930e+00 -1.741156348307278723e+00 4.749695710272560767e+00 -2.797318120533042851e+00 5.895187621878288375e+00 -9.440730176318197664e+00
2.084045241567883622e+01 -3.663130378848018154e+01 -7.050584989234225830e+00 2.945093227057653351e+01 -2.113170296178013885e+01 -1.173167813639046031e+01 2.042660908883670601e+01 -1.070569285466308429e+01 -3.713249566381551681e+00 3.782693022366770741e+00 -5.499788445991174335e+00 4.176415144975169191e+00 -8.338062031815073993e+00
2.114583813238400722e+01 -4.201312249902778717e+01 -4.329817786877560692e+00 2.949763885585151257e+01 -1.865340937975897972e+01 -9.442575288261155109e+00 2.154844826347853370e+01 -8.441395847196135449e+00 -2.801399711145195592e+00 6.817402180231913356e+00 -3.733151312849537495e-01 2.316562592385561725e+00 -4.152309935518902151e+00
2.023167048978600846e+01 -3.741068932681102410e+01 -3.808892639069278996e+00 3.043695085173377279e+01 -1.967048589232572553e+01 -1.534594852063364812e+01 2.508369151942606834e+01 -1.445794489677504657e+01 -1.567324666566666811e-03 4.190288016441538588e+00 1.226021246790821029e-01 1.450241957494238232e+00 -1.134161169963810245e+01
2.087556781029950415e+01 -3.456300200406805345e+01 -1.012730625905563819e+01 2.801183776842804818e+01 -1.672223543357759823e+01 -9.649719045171279319e+00 1.928594269713552123e+01 -1.264478899735177642e+01 9.786251599608716267e-01 6.199468003110885306e+00 -6.139283462168076966e-01 4.861953422742879560e+00 -7.593485248671774990e+00
2.055620467685914576e+01 -3.462986553619681018e+01 -1.261887210914592750e+01 2.797948256204780293e+01 -1.380489053081206841e+01 -1.016025918874222533e+01 1.777640721442242011e+01 -1.528084173948830049e+01 -9.937882753083061571e-01 3.793902794934151945e+00 3.723968949982078835e-01 4.083057457233290499e+00 -7.762586508275453490e+00
1.988489699869916549e+01 -2.648484192083086342e+01 -1.212321883874752082e+01 3.009392773165773605e+01 -1.125857229694710959e+01 -8.986586171978048654e+00 1.639867914975368635e+01 -1.785448022088087683e+01 -4.129921966266565825e+00 -6.372870768876024439e-01 -4.539651281009791539e+00 4.887185743186927667e+00 -9.141959739817940189e+00
1.900435935269570464e+01 -1.434438277238664838e+01 -9.283388891817546451e+00 2.819070236330244938e+01 -7.768877952442061918e+00 -7.450070395272729407e+00 1.208159730856768910e+01 -2.604342427697026352e+01 -8.685898548700331290e+00 -9.711833140528796093e+00 -6.298804814748437231e+00 1.338322329614159978e+00 -7.458039642797444024e+00
1.839026467468819348e+01 4.343960925417618135e+00 -1.447014986005987147e+01 2.195836092685253149e+01 -3.718943074008133287e+00 -1.276528830753852972e+01 -5.891340680018963827e-01 -2.950339833040907678e+01 -1.414155809297204192e+00 -1.094719785060451400e+01 -7.531046002369987669e+00 5.920296140886968317e+00 -7.564700464344862318e+00
1.821741681052844797e+01 5.769106920625437063e+00 -1.300996683697232292e+01 1.805418283652848643e+01 5.412142750100116473e+00 -8.962547288432663350e+00 3.910495392077921739e+00 -3.218739883443847560e+01 -1.649339092526756545e+01 -1.336859014540544877e+01 -7.831863540973663440e+00 1.625594386848883799e+00 -4.955050043124538561e+00
1.830914304744453602e+01 7.221660492713346535e+00 -1.689318503740075172e+01 1.536579589587989325e+01 8.591770253742065933e+00 -7.188272100865319203e+00 4.339877040967855315e+00 -3.304178944974801624e+01 -1.734451946586217019e+01 -1.162123285456615385e+01 -5.577149392014762341e+00 1.100595453676141755e+00 -2.686379462050290101e+00
1.834470474760400904e+01 1.010487687460742556e+01 -2.104917569977163438e+01 1.437476318022336663e+01 9.591157851716983984e+00 -1.162494193150786792e+01 4.679886091546253901e+00 -3.582252685545693538e+01 -1.701351087163746101e+01 -1.257206624090898650e+01 -8.202905421137199227e+00 -2.452670665571022202e+00 -1.288618885064754638e+00
1.799418856757218066e+01 1.226526652826388109e+01 -2.063087012257007657e+01 1.545522096874663376e+01 1.103920851069332443e+01 -5.707337224252889030e+00 1.601588375184595847e+00 -3.325358059045898784e+01 -1.609039163182729482e+01 -9.522195469770000642e+00 -4.274593881604531909e+00 -2.146768188209544181e+00 3.191313054057982157e+00
1.770326435149406308e+01 1.248950549666389520e+01 -2.044176743692416665e+01 1.282078132641420787e+01 9.013890897713434214e+00 -3.253976137216847420e+00 -2.602361948051728380e+00 -3.232702497257368890e+01 -1.774036656947457402e+01 -6.933335902738877010e+00 -1.037401219528050644e+00 -3.934524480160939586e+00 4.879724109753936112e+00
1.733984086317871487e+01 1.291514538099982623e+01 -1.904144775669083600e+01 9.659023582271521136e+00 1.219991860599504641e+01 -1.825558830143401812e+00 -2.354632476003317265e+00 -3.402102986156140929e+01 -1.294960125396619510e+01 -8.432960139648468356e+00 1.227215668882942756e+00 -5.350956238617006200e+00 1.654464869715697839e+00
1.691786462092658994e+01 1.095235918551611576e+01 -1.716581045001561989e+01 1.002476116205997059e+01 1.261380051960540882e+01 1.444419837611669255e+00 -3.498970262562651978e+00 -3.093248938432961737e+01 -1.239980230107684633e+01 -9.405009282606709320e+00 2.264783274277024638e+00 -6.643014857053158195e+00 6.229330399076440372e-01
1.633362667285186021e+01 1.080505703620677949e+01 -1.544353088025704146e+01 1.527609293313946814e+01 1.232897934252720873e+01 6.074156362085581407e+00 -6.562323157929142781e+00 -3.092959177158666506e+01 -1.649456443018011953e+01 -5.208248826890129024e+00 3.714290416642826553e+00 -5.931195186668646535e+00 -5.299203826400900041e+00
1.580341142872475579e+01 1.191634310982738043e+01 -1.999341484002859559e+01 1.982401657872960854e+01 7.567902803168562009e+00 7.294474944817921802e+00 -4.539286791851388614e+00 -3.278661849243034965e+01 -1.445469078818800313e+01 -7.199886208924612951e+00 3.808408629367406206e+00 -5.661747663683415865e+00 -4.183294935832316597e+00
1.520378946275222454e+01 1.230803111341157319e+01 -2.007784172245949961e+01 2.176863397652356724e+01 -1.250771451900963005e-01 1.353069559764933238e+01 -9.463777395894636513e+00 -3.275523312392249409e+01 -4.728865151021229174e+00 -9.370315718638977387e+00 1.126677156921161327e+01 -5.717936351701998987e+00 -8.785562793606564114e+00
1.415806938203836829e+01 4.044814215352422693e+00 -1.379709324573677698e+01 1.406147214584525784e+01 8.251517041047389256e+00 3.263615644474429534e+00 9.476900089425209117e+00 -3.172739340155375132e+01 -7.300802414328446233e+00 8.345098174157596083e-02 -3.028110336105372280e+00 -3.900719594714777916e+00 -1.137712886426926140e+01
1.397834237899112253e+01 -5.252060171273872369e-01 -3.818645882210521592e+00 9.988844265456938487e+00 1.917278303330784794e+01 -8.030871630704739417e+00 2.036525402018521902e+01 -2.794105611987568949e+01 -1.437420263539540244e+01 -1.595712398435800150e+00 -2.369399931446587448e+00 -3.471921883360214789e+00 -1.180540834000939832e+01
1.308729611069722587e+01 -2.598885639563885963e+00 -2.211169245294183572e+00 9.045051642479901233e+00 1.189780780012502071e+01 -3.817199279580871352e+00 1.734981367139230812e+01 -2.147529837119002849e+01 -1.461523203444171592e+01 -4.319625745139288875e-01 5.902068709063383878e-01 -2.714048856475499427e-01 -4.628849253958691179e+00
1.195153941433204992e+01 -6.281759265943946957e+00 -5.206947973937573693e+00 6.074303502465472349e+00 1.001219188564985529e+01 1.435497275799364258e+00 2.093782744109668315e+01 -1.961494734673702567e+01 -1.258258502341873530e+01 -3.971613507523699127e+00 -1.020115800774081904e+01 5.208711678655505217e+00 -2.321215275108853060e+00
1.190944362831603698e+01 -1.977048365137168773e+01 1.416922231725069592e+00 5.194475605826684550e+00 5.217475368965510008e+00 1.934656622387095570e+00 1.852106005211032169e+01 -7.130140364458624092e+00 -2.195471234567861529e+00 -1.852194139218696356e-01 -4.828496880116373902e+00 1.013831299843382494e+00 -2.949856631343039215e+00
1.565061573256483918e+01 -1.559494245322086847e+01 -5.973804774020729624e+00 5.385915682897349122e+00 -6.566105546705326645e+00 -5.633549797066052633e+00 3.853614689018103689e+01 -1.977669344957212161e+01 -1.038152711687194696e+01 -6.522574537439732367e+00 -7.229418531520289903e+00 3.048567781702991919e+00 -4.112907280762009954e+00
1.610914594933969468e+01 -1.507492000703610380e+01 -1.293934556602741459e+01 1.456873125308787209e+01 -1.343250520083624444e+01 -2.495792420307586301e+00 3.030045470529603335e+01 -1.588739836777019399e+01 -9.841825754809352844e+00 -7.094783134546153391e+00 -5.775610895029673841e+00 6.285318500630412419e-01 -2.456795224068765382e+00
1.716467870538869178e+01 -1.885338849360925551e+01 -1.586513714717197665e+01 1.948566179747122007e+01 -1.537866316873103223e+01 1.178097747638973819e-01 2.494838515063312201e+01 -9.101052862631162199e+00 -1.048724214210454520e+01 -6.358624642364495649e+00 -4.080029695056698991e+00 2.874743540766256711e+00 -8.430506941024223933e-01
1.816546204058360914e+01 -2.306898697577477364e+01 -1.774114398575723328e+01 2.296873818160024072e+01 -1.409160366147800403e+01 -3.588059774120810452e+00 3.019667286414681229e+01 -1.320751559479443493e+01 -1.237764759365962064e+01 -1.016852721364067769e+01 -6.098810331006674801e+00 5.136069647341242828e+00 5.145604510559869116e-01
1.921783859412214568e+01 -2.486755650731864264e+01 -1.891137221740300944e+01 2.450381254313124302e+01 -1.915833153930723753e+01 -2.329597370500598341e+00 2.850939221172765059e+01 -1.050315288804664604e+01 -1.332305716763332804e+01 -7.587314544359249346e+00 -4.454763268493880268e+00 1.673041160669125782e+00 -4.264728037043132303e-01
1.972918480944249353e+01 -3.112710720386571595e+01 -1.833753276870107740e+01 2.756125008978721169e+01 -1.637688510453129354e+01 -2.306057829985249885e+00 2.821451139275379916e+01 -1.334951900498231225e+01 -1.044145246098143787e+01 -6.651762730216075781e+00 -2.535624924770309541e+00 4.303439504878116217e+00 8.684430384245011014e-01
2.005731393653839945e+01 -3.226259950774222318e+01 -1.637140235120710585e+01 3.130459591242376050e+01 -1.845439677229344966e+01 -1.750081194543831931e+00 2.739908975838752880e+01 -8.873183437848139121e+00 -6.545471768008253477e+00 -5.556017345547880071e-01 2.237478667940627997e+00 6.753105051559507466e+00 1.562735454773239496e+00
2.026526481305478455e+01 -3.571965953620413359e+01 -1.556501844710654758e+01 3.159725003078091987e+01 -2.036626918796499908e+01 -3.661410297440988337e+00 2.711085505884053504e+01 -6.198816371067459308e+00 -9.585385086963020385e+00 -4.318795440724650270e+00 -4.348715137531796060e+00 4.154439444412315829e+00 -2.628716328803539337e+00
2.102624721263699925e+01 -4.042542559729814400e+01 -9.812076782409308251e+00 2.985570584295541607e+01 -2.119822389947643160e+01 -1.106500262786848543e+00 1.936482880204021839e+01 -1.013841000409242188e+00 -8.523889434346635596e+00 3.943307902254730379e+00 8.870494933294489348e-01 5.914627033200654971e+00 -1.334461672085638817e+00
2.120027031602305456e+01 -3.668372645445018776e+01 -8.747956027983105898e+00 3.271345510636570708e+01 -2.952998062802710422e+01 3.604119079276471016e+00 1.508674664374878027e+01 -1.366475229999737273e+01 -3.687621307146735194e+00 -1.823364772123160948e+00 -4.866911223384627228e+00 1.154873488833527917e+00 -2.486952977902367579e+00
2.035935636373295665e+01 -3.727132372844229025e+01 -1.105699612651860875e+01 3.123942480751666295e+01 -1.990711729992052526e+01 -6.088006867855038529e+00 2.474106005250823159e+01 -6.969599708181725362e+00 -6.656234975573381618e+00 1.493126702934014061e+00 -4.755499168593538606e+00 2.136182107155879528e+00 -2.806046401481124608e+00
2.017548577954173084e+01 -3.593675491147170931e+01 -1.073732042290416366e+01 3.208516077354490648e+01 -1.905196457651758024e+01 -5.646983643349638093e+00 2.582985076209768849e+01 -5.876411548631575776e+00 -2.910897100868788279e+00 3.308581890267122905e+00 -6.884572809644914360e-01 2.371070823860021104e+00 -5.432366058463752090e+00
1.995432884148866037e+01 -3.558522004094673719e+01 -9.756779432138786845e+00 3.274028815776547674e+01 -1.868390553524535136e+01 -5.261117648784322753e+00 2.008585258673638663e+01 -8.655810877570957018e+00 -8.798676127252342383e+00 -1.397005461304442031e+00 -4.445913934064217976e+00 2.737261220667822403e+00 -3.384512007665531730e+00
1.978792843334145246e+01 -3.559566283930080743e+01 -1.029289646649969292e+01 3.135979728527428989e+01 -1.711971619324855354e+01 -5.854438016389208244e+00 2.143370479039228726e+01 -9.792469821658485785e+00 -2.268713595943224082e+00 1.609213634011418037e+00 -2.289493062384189592e+00 3.197662235802622099e+00 -2.883289338771165777e+00
1.963038050806972379e+01 -3.392266338448551721e+01 -1.254723933665568936e+01 3.134243095042342375e+01 -1.953480080613336867e+01 -8.928549001814051422e+00 2.336296493883332914e+01 -1.441537999702991257e+01 -6.819035789914558165e+00 -6.305308296635916854e+00 -6.870177610674157442e+00 7.094482741471530574e-01 -3.395126296841966429e+00
1.934284043216651483e+01 -3.531668806216332257e+01 -1.203041474234388986e+01 3.301663970268219117e+01 -1.774366720600642111e+01 -7.262855050084418451e+00 2.462285049356073685e+01 -8.995075083441111730e+00 -5.552300031198719843e+00 1.375808895639794249e+00 -2.995693622306601078e+00 3.752933444421268749e+00 -2.797645797934867229e+00
1.902782158568590987e+01 -3.676242710755326470e+01 -1.406595069047533109e+01 3.363562940311718563e+01 -1.676495318193272155e+01 -7.851828591679216096e+00 2.319344609322853756e+01 -9.672272618694128354e+00 -7.724035792201147110e+00 -2.112897175830547730e-02 -3.666122222087607518e+00 5.667370630954466915e-01 -4.108692602683635009e+00
1.855967041402929496e+01 -3.197336475039896797e+01 -1.342501271122338302e+01 3.350768670732258414e+01 -1.497011493760250644e+01 -1.020376473474775914e+01 2.260580696637076059e+01 -8.927790925337864891e+00 -5.010036565129900588e+00 2.365212029925110038e+00 -3.343698851221827528e+00 3.187776042266255327e+00 -3.960827711423470898e+00
1.781695436853869907e+01 -3.223733033670056614e+01 -1.528325045899203793e+01 3.305445029173943539e+01 -1.411435292661175467e+01 -1.009288116572441929e+01 2.153473932863122897e+01 -6.250295590089249842e+00 -5.008871796701021673e+00 2.735876830868441800e+00 1.399032894960267059e+00 5.471798408250941215e+00 -1.592149646807942132e+00
1.701707749193283448e+01 -2.829250678458427259e+01 -1.663685597954498263e+01 2.966709921109200465e+01 -1.231301426809909572e+01 -8.943486711461826388e+00 1.864159650187960082e+01 -4.414783684966651300e+00 -6.848952572193041988e+00 4.369306624362518043e+00 -2.771729593890534193e+00 5.553323835211540604e+00 -2.302297195954638109e+00
1.637177953814448017e+01 -2.756696420365775424e+01 -1.741024455487425726e+01 2.956791711455038651e+01 -9.151565087014416733e+00 -7.085292425261629390e+00 1.708328728816399078e+01 -5.379891906273111424e+00 -8.776099149116960874e+00 3.545433401420122088e+00 -2.587415603549734211e+00 3.696151983132367924e+00 -3.663070579733720855e+00
1.562644940618472944e+01 -2.317738090121860850e+01 -1.836424972822004165e+01 2.703946263807117845e+01 -7.404513498512630854e+00 -7.760392174849597424e+00 1.746748573685562889e+01 -9.078208259322321894e+00 -8.640627600838262978e+00 7.691591129451035291e-01 -2.315754974674923083e+00 1.452921221821337872e+00 -4.395145185258480858e+00
1.504019790528016109e+01 -2.047080271901285897e+01 -1.916373578832496349e+01 2.626475111530502815e+01 -3.394928613510224569e+00 -7.023512396659175927e+00 1.541797044768583191e+01 -6.431543823444801689e+00 -3.560942895984988255e+00 2.035888769842525203e+00 -2.621086174565223637e-02 4.261600361889196442e+00 -5.306761741983093472e+00
1.268318831449494688e+01 -1.933241496483081079e+01 -2.054623371662005127e+01 2.712491998803716342e+01 -3.349774843977944006e+00 -1.341417332128991191e+01 2.057619285652574348e+01 4.266353386634045286e+00 -8.342448487409221514e+00 -4.572000137355872518e+00 -4.118101588789053302e+00 -4.783495801689935156e+00 -1.227536783427598444e+01
1.099919800297496053e+01 -1.628046016202837620e+01 -1.393784572553815337e+01 6.560817001285999872e+00 -1.724461771709061342e+00 -8.403716020515346941e+00 7.455966702007986058e+00 2.393810047942762920e-01 -4.650716351097577750e+00 -2.320236858509945321e+00 -1.344921344581462730e+00 2.426800911235647007e-01 -2.097970962084043656e+00
9.124704460515861371e+00 -1.901538721918242558e+01 -1.797665583899967334e+00 7.701711830910009660e+00 8.071798408557613769e+00 -5.871393583218421419e+00 1.753619111352734805e+01 -1.954985593132730459e+00 2.077058998585234573e+00 1.680853356024434309e+00 -3.992663052002713986e-01 3.130557445306612063e+00 8.481219371262604945e-01
1.024845322095186972e+01 -6.314044906168320814e+00 -2.571603960449706960e+00 2.170262181426927395e+00 1.954007396671174845e+01 -2.248678584114119872e+01 4.324815245488081672e+01 -1.749865984970447741e+01 -3.730430243115456790e+00 8.658973970348849747e+00 -6.594910795098930301e+00 3.521074478895329651e+00 -6.314497551365069183e-01
9.367455813628676964e+00 -8.703122622012283927e+00 4.325640029579264301e+00 6.653912214970185701e+00 2.491903906122189483e+01 -2.413893638157078669e+01 3.596538939885418529e+01 -9.140325083513255677e+00 -3.150906339118384469e+00 3.718520787239423697e+00 -1.110771586899332775e+01 -2.954408792747302392e+00 -5.753956433285928540e+00
8.844355904254074474e+00 -1.124889074447216686e+01 -1.026018028058821807e+00 -1.271096038914745208e+00 1.632941681536952316e+01 -2.298657596539954895e+01 3.153154177973978634e+01 -7.298940681260746466e+00 -5.170459348209516470e+00 4.841133741789972689e+00 -1.018400390126791777e+01 1.871476249916155521e-01 -2.614356539015790570e+00
8.497747509722293202e+00 -1.089033406367018131e+01 7.104078624769076811e-01 -2.157165038541605462e+00 1.709575332904080369e+01 -2.398923194703275641e+01 2.867223121786932083e+01 -7.228898094062595980e+00 -6.052624268448393074e+00 5.171256693795980297e+00 -1.138239749386098332e+01 -1.641531927999623219e+00 -9.951016910619164824e-01
8.997871194345266943e+00 -7.672147220834292902e+00 3.279364893297570527e-01 1.188796036317762317e+00 2.412751685576066052e+01 -2.949723801402992507e+01 2.621919099015251575e+01 -9.290916854786450685e+00 -4.893763213815262247e+00 3.478903392860543509e+00 -1.656102816755302243e+01 3.203959033102398157e-01 -1.584433607878990902e+00
9.374556688905210322e+00 4.379005204928920314e+00 5.411141598595905933e+00 -1.999685674738860497e+00 2.766940643695358659e+01 -2.519947445393860974e+01 4.143374827751939193e+01 -1.056737953892710813e+01 -1.752569923419967424e+00 1.195744941300510611e+01 -1.120527414650924314e+01 2.489105887343484813e+00 -6.701340084248037787e-02
4.222774605332693554e+00 -9.682516625036150515e+00 7.576371019556700226e+00 -6.481447746197062099e-01 1.493494398906361020e+01 -1.728817482646526571e+01 1.547241583371248730e+01 -7.574690687040694925e+00 -7.009597060869196206e+00 -8.502548064583279608e-01 -6.575322046344440174e+00 3.044303368225082185e+00 -5.960978357862324328e-01
