8.390466555203493826e+00 -1.434213157550074236e+01 2.988003868611451619e+00 -2.126057846829310538e+00 1.294009646772863853e+01 -1.952698725752155440e+01 1.791937671933804666e+01 -7.942555909716485729e+00 -5.253201501914267268e+00 3.535701118783184604e+00 -7.601547808275936902e+00 -2.562810311907353089e+00 -1.237393735779209303e+00
9.063043470335275131e+00 -1.212958995928446804e+01 2.526060406494205157e+00 -3.085300456215528619e+00 1.596202440057145644e+01 -2.149023679284586308e+01 2.165608953006578830e+01 -7.575192969099181717e+00 -4.565773882166761055e+00 5.944466899559642137e+00 -9.313148039842657155e+00 -1.357017818224617978e+00 4.446913489614357506e-01
9.663104165154315695e+00 -1.017494294861312731e+01 3.100274947919865465e+00 -2.204263063044419546e+00 1.571326855835531511e+01 -2.075893013203716819e+01 2.215026142953329469e+01 -7.244507560760889753e+00 -4.616421094686622872e+00 5.012818207003364890e+00 -1.008136389910506736e+01 4.000745733127439308e-01 -1.365741350388476549e+00
1.098548597236722557e+01 4.218865238688287889e+00 9.093532088768677468e+00 1.268691096632851734e+00 2.720217533558986034e+01 -2.476346677968304988e+01 3.231985936096081247e+01 -1.116503818105264045e+01 -5.921998901088363354e+00 1.201933168468677060e+01 -1.541255542098491915e+01 -2.843648711300246656e+00 -3.261695705986055405e+00
1.064013457807716279e+01 -1.045121465903662994e+01 3.873858461110494922e+00 -1.823350457239703570e-01 1.727458190122329285e+01 -1.796003389351499635e+01 2.458195364113314696e+01 -4.324002915775918332e+00 -3.002208592805325704e+00 9.793370242105659429e+00 -8.724352209268518621e+00 3.322298318034734965e+00 1.434299881603726123e-01
1.084615588153441301e+01 -8.700155799606758222e+00 4.893639026286953353e+00 -4.623088411031235356e-01 1.779016493508211383e+01 -1.734161989361626155e+01 2.258968866020490296e+01 -4.593829298519779059e+00 -4.573812377179070410e+00 7.488319314300211360e+00 -1.225491530037708365e+01 2.669117045018775780e+00 9.674581003333073692e-01
1.091412565549870450e+01 -9.450661556354909010e+00 4.931915131475099301e+00 -4.924060351046860573e-01 1.824258247498834962e+01 -1.640100405498803227e+01 2.205382767506030817e+01 -5.609682549543412833e+00 -4.244596255253146211e+00 5.896395821792024705e+00 -1.314152786220162028e+01 7.335188514101849133e-01 1.433443575462551189e+00
1.092019555610998616e+01 -9.764417200660274077e+00 5.816459976554094524e+00 -1.352156951634483129e+00 1.510679344236943145e+01 -1.627875326317698423e+01 2.062498581191844593e+01 -6.110560043251601847e+00 -3.576326795434427108e+00 6.443044822005642658e+00 -1.163882111320035939e+01 2.121068169654674929e+00 -7.814156170251899958e-02
1.080638060342055695e+01 -8.767718331497299289e+00 4.967145097666521458e+00 -3.634570141869971849e+00 1.712460129050325364e+01 -1.883193155265783503e+01 2.406381858258133377e+01 -5.331623611947621910e+00 -1.343945794865918142e+00 7.061533139791649205e+00 -8.398816827946715691e+00 4.163358231517580776e+00 1.494381834276282461e+00
1.092550650562518477e+01 -1.055859180637816053e+01 5.456850778583011596e+00 -3.072680237054887797e+00 1.390788946063985954e+01 -1.742774771494105579e+01 2.271473297528039126e+01 -3.923305115380599783e+00 -2.864537437951994114e+00 5.324999728682925593e+00 -1.008901353487037333e+01 3.387867090137858916e+00 8.467363822091709125e-01
1.106789560862429056e+01 -1.089850648615402662e+01 6.256762780463170692e+00 -2.576432671356663651e+00 1.379496267076024729e+01 -1.591609972584783428e+01 2.138861694988775142e+01 -3.522126475238360754e+00 -1.417003975401547100e+00 6.532477526528563061e+00 -9.700046414094774860e+00 1.803699829957776446e+00 -2.510095963435762800e-01
1.114959663531117684e+01 -1.040873650952464935e+01 6.477368122978575116e+00 -2.285195834108730839e+00 1.601995091242650560e+01 -1.536279184757695937e+01 2.259897497649917142e+01 -3.618053038844665004e+00 -7.337549910597706004e-01 6.779217765172417032e+00 -8.490646220826603141e+00 3.256220134288110746e+00 -1.978234805225344672e+00
1.129836555096311557e+01 -1.166533637938604251e+01 5.134218755527245825e+00 -1.895010705511552374e+00 1.493012615662548193e+01 -1.602745303174438263e+01 1.949651470764553451e+01 -6.804748083551425353e+00 -4.274602975009786476e+00 5.020989012634928805e+00 -7.602706370588917295e+00 3.788043161494786037e+00 -2.328501010165420493e-01
1.147693199078108250e+01 -1.143456177266524243e+01 4.997333804094015619e+00 -8.852560235842432679e-01 1.470823943300440995e+01 -1.495197618742147228e+01 2.176628373842152797e+01 -6.139148010126435295e+00 -3.233648683879320807e+00 6.031426454852806707e+00 -7.855331903172390717e+00 5.738388851073833230e+00 2.115001404031310539e+00
1.126922594131913868e+01 -4.272250034991528445e+00 2.122498096667674972e+00 -3.750724491579069841e+00 2.607044838800211650e+01 -1.820057692202471955e+01 3.457449392026123292e+01 -8.547932801100095901e+00 -3.850468790902423777e+00 9.859797617435795303e+00 -1.163555056582203129e+01 4.262500251365664461e+00 -9.711254172440751675e-02
1.055941720569815701e+01 -8.146129272105891772e+00 3.308732697397918532e+00 -4.197995954614503589e+00 1.823610444110364526e+01 -1.671977433246592781e+01 3.580254587899171526e+01 -1.295243198420987696e+01 -1.022854708140878977e+01 7.968666607019728509e+00 -6.626673196969793622e+00 1.670981605551452309e-01 -2.918217042083083967e+00
1.196429230120062925e+01 -1.078893985904861808e+01 2.729907045615492245e-01 4.787334465624897284e+00 8.018910483401887390e+00 -1.502984629011563555e+01 2.524144661188288907e+01 -5.538205697283880014e+00 -3.502271064826652403e+00 5.321289164197171573e+00 -7.848329886233005759e+00 1.864240904432269419e+00 -4.106975746493535695e+00
1.321428557821689331e+01 -1.274709204214740588e+01 -4.166942983047781546e+00 1.733503136487043506e+01 -2.734898884328781921e-01 -8.882824507991553986e+00 2.403471941791534405e+01 -8.964705228003341020e+00 -5.283461972135660822e+00 1.678903439899719352e+00 -5.763515390056055843e+00 1.294758826579025746e+00 -5.134588424938391071e+00
1.485698559989278422e+01 -1.313672626957943734e+01 -1.248335858232171702e+01 2.480174452699352372e+01 -1.003615831808714098e+01 -7.501125717259030878e+00 2.046219521065114932e+01 -9.357353594017068232e+00 -7.086808493900248251e+00 3.201485777835982649e+00 -4.619712252370994143e+00 -1.886901602048084881e+00 -1.442738905173798658e+00
1.649553342724182770e+01 -1.813095113109906009e+01 -1.675172651785828037e+01 2.836561593879465093e+01 -1.358488999415813048e+01 -5.563148838488374714e+00 2.127231939899644075e+01 -1.140746777945266643e+01 -5.072060093944347869e+00 2.083077961140364920e+00 -2.482481909534159925e+00 -5.569743219698861658e-01 -1.771893263791782802e-01
1.764561642927507279e+01 -2.289750546522552810e+01 -1.676872564778924968e+01 3.265458684387085952e+01 -1.691567843987959208e+01 -3.127671722488341466e+00 1.805497783004409840e+01 -1.174491825821943536e+01 -4.824091386642726853e+00 1.653942650035673756e+00 -2.882783059977196860e+00 -4.938253730482699666e+00 7.633585463238697910e-01
1.834514818399528835e+01 -2.566130263751191620e+01 -1.602510220759063131e+01 3.042752406744070015e+01 -1.927075273901816743e+01 -5.267699355311939335e+00 1.371125860534933061e+01 -1.118477417159247267e+01 -6.872072624715863221e+00 1.678657586487309061e-01 -4.997315351560795982e+00 -3.455634159006463424e+00 -2.106495780651824745e+00
1.892941196098319523e+01 -2.654027260059811155e+01 -1.465653814234989127e+01 2.677334948437405515e+01 -1.749371654644059149e+01 -7.526071607489683402e+00 1.662705562281470151e+01 -9.740466663901139910e+00 -1.088748436669955799e+00 5.394129106045342681e+00 -3.482486840221194618e-02 -3.727133730661341460e+00 -2.892080073067738066e+00
1.939789050735707221e+01 -2.893211380931858656e+01 -1.645651175600954019e+01 2.742165937558488409e+01 -1.787094348228801977e+01 -8.005585895562946419e+00 1.711790483881061675e+01 -1.048106936307372372e+01 -4.444879392873120061e+00 1.469515232843439323e+00 -3.991587793198474898e+00 -2.207072185722475766e+00 -3.786694999375551873e+00
1.968211047109200607e+01 -3.021076703694622267e+01 -1.377528044985712974e+01 2.738407896176718381e+01 -1.858954881050273755e+01 -9.869881968448590115e+00 1.857327978841945182e+01 -1.223661950788608088e+01 -1.426830829939921497e+00 2.039818214615975123e+00 -1.702471077285846901e+00 -6.346874848022153515e+00 -1.016210396481507239e+00
1.989228965731089005e+01 -2.943477736974669767e+01 -1.232438004555646138e+01 2.540491197247260757e+01 -1.874965363464683321e+01 -9.308080879768603211e+00 1.965862058493744513e+01 -1.377593000723043737e+01 -9.799967143172733097e-01 2.450625170878447001e+00 7.167773515332817036e-01 -5.185796970860357291e+00 -1.402321399901045984e+00
2.003552591205668776e+01 -3.202240506230329231e+01 -1.218052340639423292e+01 2.578866003097873261e+01 -1.789725711535957942e+01 -9.280347459810711186e+00 2.162669357080032029e+01 -1.342171615812033636e+01 -8.857930027407958651e-01 1.267344383830740329e+00 -1.817216049753184182e+00 -7.446819977847487948e+00 -4.405941730940037715e+00
2.014330171825627502e+01 -3.301807244524186302e+01 -1.246876585593044773e+01 2.715904877368301840e+01 -1.873644439141263263e+01 -9.494686828374229393e+00 1.815369805810291837e+01 -1.243115364459486116e+01 -3.291686372695901697e-01 8.562408268017489554e-01 -6.058785174771386117e+00 -1.020528379535924302e+01 -2.043607806124325688e+00
2.016122195471528400e+01 -3.348446348864830924e+01 -1.110407544231778054e+01 2.482331033589406033e+01 -1.823008397793666191e+01 -9.957887185866219681e+00 1.979926066521444383e+01 -1.230074720191828952e+01 1.031704911636371458e+00 3.417032295065390635e+00 -8.766161669722213334e-01 -7.380039844503961000e+00 -5.854160783115951450e-01
2.010268251439911324e+01 -3.207458529737912301e+01 -1.047563476102244628e+01 2.681180324120646219e+01 -1.818098988147439243e+01 -9.093434691475493992e+00 1.839453912697452864e+01 -1.370755825468319600e+01 -2.561037979778553630e+00 1.276951134458942372e+00 -4.155113539674012202e+00 -8.359584423312737655e+00 -1.984721238193181803e+00
1.971718029901516545e+01 -3.220096934484806184e+01 -7.607712667429064268e+00 2.396574779703456315e+01 -1.570052027155563401e+01 -9.233001478618584557e+00 2.830443238527238137e+01 -1.500558301656630356e+01 -3.194897188015316747e+00 3.491355968231788509e+00 -2.224589232156869212e+00 -3.594491072778047691e+00 -4.448529072826403308e+00
1.965678398662373283e+01 -2.716657433762055263e+01 -8.474541098624300162e+00 2.222519495285337143e+01 -1.453553767609775704e+01 -9.225969543815631724e+00 1.973118494575238202e+01 -1.447475663410337887e+01 -3.485986061108049761e+00 4.284110430007872949e+00 -1.252991818348633046e+00 -2.528934620311676262e+00 -5.362461471182464301e+00
1.916675941243175174e+01 -2.584456006472237988e+01 -9.245953547072845780e+00 2.157940607244670872e+01 -1.278397341416430955e+01 -1.174328284000656986e+01 2.176298762500832851e+01 -1.684308949316770665e+01 -7.543496983295591818e+00 -1.526352585977378551e+00 -2.606911286661136806e+00 -5.506339595581422053e+00 -8.138185200724636914e+00
1.883658797955570918e+01 -1.782884667777244658e+01 -1.282276053750287481e+01 2.154255189229048995e+01 -1.056624101829766360e+01 -7.083002548304255797e+00 2.005121772040208583e+01 -1.575015499438827327e+01 -3.530216357453288545e+00 -3.702881504013822767e+00 -3.295892663569949921e+00 -3.062420477715747325e+00 -9.543617136792573064e+00
1.824554225501206872e+01 -1.638621458143939336e+01 -1.198505087944393388e+01 1.823931858355134139e+01 -5.317112374332200631e+00 -1.010792648910604008e+01 2.076405735670387287e+01 -2.270120653934605315e+01 -8.190158352588202462e+00 -6.345995215634859576e+00 -3.291347656229207885e+00 1.278511674789757135e+00 -6.577767133587059334e+00
1.763036519027626525e+01 4.791723602552138139e+00 -1.179600332377857441e+01 2.017168311263609226e+01 1.298396623657630089e+00 -1.901671568791362787e+01 1.589807273028751133e+01 -3.529756504046775945e+01 -5.860293214694322295e+00 -1.158196548476435872e+01 -3.717309566681038291e+00 -5.426464691140892249e+00 -1.201368993302765098e+01
1.789220081711679455e+01 1.155532848308252625e+01 -1.320457845028063382e+01 1.626835601453867497e+01 -5.094541249509271452e+00 -8.234792450580989964e+00 4.640861113775684998e+00 -2.993089070694460574e+01 -1.110314950860760419e+01 -1.002651436193132817e+01 -9.478064458511236134e-01 -2.512535574777867264e+00 -7.050170855967487604e+00
1.811901928945409779e+01 1.379008063700253750e+01 -1.337403710494731968e+01 1.200595788100313221e+01 -2.185535553863494407e+00 -7.313455351828834772e+00 6.095913470216819618e+00 -3.075861719840856523e+01 -7.186943337834330592e+00 -8.975194559372726033e+00 4.409290213859577534e+00 -3.479333624464704844e+00 -1.888655651749865605e+00
1.820393797922903190e+01 1.368845404227323570e+01 -1.348897124415328719e+01 9.208408823273995125e+00 -3.105105298324243090e+00 -8.179251803655411379e+00 6.476361418914248880e+00 -2.943103014166296916e+01 -9.093047645405155421e+00 -5.211766018421242208e+00 1.117103963349233231e+00 -5.098115944548637923e-01 -2.263869291863045863e+00
1.816267196602689893e+01 1.417057624901701907e+01 -1.407483651899769406e+01 7.357489817503990004e+00 -3.963073865300404286e+00 -1.044478852523151069e+01 6.942358392756756480e+00 -3.116067600152801376e+01 -1.005220138942497421e+01 -5.534697871270297220e+00 -3.781875197734907990e-01 -9.674110104437209090e-01 -2.403995306424900225e+00
1.800117009259423995e+01 1.386652379397401091e+01 -1.282452403846601108e+01 7.353571771995288664e+00 -3.387592322142926271e+00 -1.303656940229044281e+01 7.762658717557160415e+00 -3.179518988747420494e+01 -1.103024395721545936e+01 -4.064221700754213629e+00 -4.263714243386472980e+00 6.343914686795585345e-01 -8.429474620703729215e+00
1.776821468272190430e+01 1.454529478263017594e+01 -1.044128425684538719e+01 5.453969996379517404e+00 -6.333412012571391081e+00 -7.472724049935547619e+00 -1.272813171211593319e+00 -2.383410749320301747e+01 -1.412322524902209331e+01 5.716510539542888347e-01 -7.428324645169330331e+00 8.114270217434405907e+00 -1.045828900345656720e+01
1.721949171576293836e+01 1.915899111316659642e+01 -2.089029001450921541e+01 1.389220562806001347e+01 -6.210034324530739447e+00 -1.339636458090694404e+01 9.628488964573680420e+00 -2.358691062157398477e+01 -5.475899783741774662e+00 -3.331874054539852636e+00 -1.342679024129764187e+01 5.040089572290609166e-01 -5.374196192117007165e+00
1.754319073568609966e+01 1.611679029211195058e+01 -1.038806307357288716e+01 4.498533208267373240e+00 -9.055672022266751497e+00 -2.885671394745540574e+00 -1.180161842775181436e+00 -1.385122207173304432e+01 -7.205844845148094535e+00 -5.091056636647173228e+00 -8.839219419152147594e+00 1.417332289829708603e-01 -4.284538938499050098e-01
1.715420695905693904e+01 1.621535907004776789e+01 -1.218196586831032135e+01 1.238137268655890821e+01 -5.963891645199592695e+00 -7.695860704997479651e+00 9.345121085384898052e+00 -2.180932370133076148e+01 -7.318466130931759572e+00 -6.902121370993967275e+00 -5.937766864363926089e+00 -3.523514417876000948e+00 -4.162158758396639624e-01
1.691312977171196863e+01 1.505565575905561815e+01 -9.436699702619080199e+00 1.257980977365543396e+01 -1.931224765154381462e+00 -6.979994836307939821e+00 9.147331347169579630e+00 -2.294380414516403022e+01 -2.043345718818192935e+00 -1.152851362342809693e+01 -2.862679948007630593e+00 -8.738089921348151989e+00 1.678963684132539713e+00
1.678060225568338026e+01 1.490907162055045987e+01 -8.032086675960623978e+00 1.424443468290686354e+01 -1.272507657791441149e+00 -5.829710191391987095e+00 8.243172228318229600e+00 -2.030592050750528799e+01 -2.375542333354219604e+00 -7.501107460853789100e+00 -3.780407517885704838e+00 -7.581316084569825087e+00 -2.039366872854927237e+00
1.666808382645395881e+01 1.313898468510906881e+01 -7.479982888720103418e+00 1.416698867345399471e+01 -1.122253384848959090e+00 -3.546729803792303848e+00 6.691055834694074278e+00 -1.659219102061869577e+01 -3.271256949423176685e+00 -8.834293468598898968e+00 -3.702579153467437934e+00 -7.944623401052910872e+00 -1.429360741811994684e+00
1.664835936480137946e+01 1.234053209559284703e+01 -7.526821944480366788e+00 1.343106758436922910e+01 -2.764538427970270273e+00 -3.324598273907013457e+00 7.423679213565190338e+00 -1.812134443221226121e+01 -4.602391360772974949e+00 -1.111249128824531063e+01 -6.515039117732728258e+00 -6.141017892162039971e+00 -2.800023420807205454e+00
1.645127101847533524e+01 1.340867691990277244e+01 -6.680105746811408451e+00 1.540694252336063563e+01 -7.123793518874182773e+00 9.885442995912990805e-02 7.214212542384233373e+00 -1.766327379617871074e+01 -3.622534017805486783e+00 -1.078103601103229536e+01 -5.828164277231539181e+00 -3.876319606448275223e+00 -9.913001519788873228e-01
1.646849108377684345e+01 1.363950499499476621e+01 -8.188779167567071804e-01 1.579235974602370618e+01 -8.072464528863779520e+00 -2.162097497296007198e+00 9.701666536640961569e-01 -1.857011414341065958e+01 -7.312593827515966538e+00 -1.266861912927549660e+01 -9.995895760157965881e+00 -3.999991569311550865e+00 -5.101254157863241545e+00
1.617002321405449550e+01 1.812711348048719984e+01 -2.165705833381538881e+00 2.030986952536708046e+01 -1.192808912645183028e+01 5.958345979774108958e-01 5.981128006406917663e+00 -1.811937039784136161e+01 -3.935383566409987655e+00 -1.693134644788515786e+01 -5.800301640449259111e+00 -7.687931077202009966e+00 1.026240531725906902e+00
1.620990372134125224e+01 1.470011778342471587e+01 -1.009903069343637272e+00 1.672466933788095034e+01 -9.728991119524772913e+00 -2.097706690046094558e+00 1.111912364551931987e+01 -2.348076418999116299e+01 -1.770181975431840415e+00 -1.808970055874968352e+01 -5.153750086856137003e+00 -8.657347284283844147e+00 3.731067984325784348e+00
1.599090469278328364e+01 1.552711721562248925e+01 -9.696013704179927695e-01 1.681692856451989471e+01 -7.722519894936196394e+00 -1.207078011321675026e+00 1.009055057595907634e+01 -1.890923342046676581e+01 -2.025829718257659007e+00 -1.386177746056759119e+01 -4.165331409905244975e+00 -5.686255957756645607e+00 -3.634469258988664020e-01
1.575402400978882866e+01 1.989286345953292567e+01 -1.918638645443453861e+00 9.954751920481500704e+00 -1.057735726035385682e+00 6.548104796350504131e+00 3.594397827302086235e+00 -1.213834608373797685e+01 -5.722114199345888608e+00 -1.333222675883678754e+01 4.776032014040431761e+00 -6.569620013892122579e+00 -1.117765967932584026e+01
1.596775798252064860e+01 1.266546266930324904e+01 6.036663250035481987e+00 1.671772749996466345e+01 -3.611147422601529655e+00 -6.440530914716596778e-01 -7.233479113057482424e-02 -9.391265740507289905e+00 -4.078196960698389439e+00 -1.393466588380007209e+01 -1.069938357374973137e+01 2.375910420916730104e+00 -6.433894299485357626e-01
1.532793760256045523e+01 1.478924631054894157e+01 8.310810844154237209e-01 1.904832558153902866e+01 1.983019052834491314e+00 -4.183015686103674469e+00 9.846666428563969120e+00 -1.623906044463349119e+01 5.623074239139712605e-01 -1.672623333177354965e+01 -1.288132426939082009e+01 1.108328662861129521e+00 -5.913362066640210024e+00
1.487334046457381653e+01 1.444621472548634955e+01 2.606764678556100279e+00 2.231127093832806096e+01 -2.575037028371038872e-01 -7.900299329154929495e+00 1.974513336265546570e+01 -1.697462951838882006e+01 1.605277703490296803e-01 -1.637494131610806747e+01 -5.382540196226222484e+00 -5.225140138219074304e-01 -8.499270566621197176e+00
1.457857503089301865e+01 1.297085651487849844e+01 2.615566350942242657e+00 2.116585402020865558e+01 4.170168120140190560e+00 -4.540967885777112301e+00 1.916593847324333311e+01 -1.799540794836972069e+01 -1.020422595916626207e+00 -1.783566815691151319e+01 -8.802807612362082423e+00 1.908650562847108656e+00 -1.119916293333196311e+00
1.423707606003420523e+01 1.257664085137649401e+01 1.260729281099824961e+00 2.157991320092692433e+01 3.746531358475296614e+00 -1.613581942459848539e+00 1.817782597878849415e+01 -1.627344136320151691e+01 -2.746743597002954562e+00 -1.235719611609247259e+01 -9.639374164514132204e+00 1.035614952738836303e+00 -2.107485554016889306e+00
1.430718730824095530e+01 1.074369380448594669e+01 5.515983663416228922e+00 2.202798246769764390e+01 2.855908115375296319e+00 1.932453937168097324e+00 1.668780695008275927e+01 -1.498064110310416375e+01 -4.980967991462586397e+00 -6.851947794184599871e+00 -1.449149213426222182e+01 -8.486854903133269623e-01 -3.554807359538536549e+00
1.359092213081183509e+01 1.073539452182315479e+01 9.804266245164515725e-01 1.828821708355984654e+01 6.906983140046427216e+00 -2.021164173723924318e+00 2.184774041557531987e+01 -1.652710958090037963e+01 -2.014573338881921138e+00 -7.237510446920160767e+00 -1.063930857851585543e+01 2.018006382068615157e+00 -2.998285372864387677e-01
1.336901329280226491e+01 1.086247715362148902e+01 2.336709134963421253e+00 1.595238793878869998e+01 1.076160185816975634e+01 -4.015236110465328245e+00 2.555000456432957279e+01 -1.717083508502723888e+01 -1.059077379275944031e+00 -6.629241689561406581e+00 -1.395461950681686680e+01 6.973644191073484766e-01 -3.333113612066582299e+00
1.308760804784393095e+01 1.007794028668607211e+01 3.456160172859161772e+00 1.467251917048909959e+01 1.230472480874519192e+01 -7.633891382191282382e+00 2.710434502026817682e+01 -1.508372448812835387e+01 -1.557578064089425174e-01 -4.063737229853638944e+00 -1.326614122462520307e+01 -2.106320131541745411e-01 -4.970596485908290951e+00
1.277426310536460186e+01 9.337581975209305440e+00 2.568291349047983285e+00 1.220882033014317614e+01 1.354571719633220184e+01 -8.215640899908546402e+00 2.788902564216058266e+01 -1.392243637786072696e+01 -3.121588352913897246e+00 -2.454274691492430716e+00 -1.061172064861071895e+01 2.655218951987781684e-01 -7.238114334838813058e+00
1.247889517823226946e+01 8.464390378921365254e+00 1.813015807279891201e+00 9.695373174366279656e+00 1.634389911150740105e+01 -1.149914388296360812e+01 2.946335693224019536e+01 -1.364242565797238349e+01 -5.358959420295759557e+00 3.666557694441844317e-01 -1.258509559540866363e+01 -2.574237526488672989e-01 -1.017846422408251073e+01
1.216137212947786139e+01 7.390350223845932653e+00 1.531451970689995390e+00 9.277048250392235573e+00 1.521901379876823945e+01 -1.298804717167631573e+01 2.912365552973392724e+01 -1.497742593673793188e+01 -5.583922225834046849e+00 1.285148562629862878e+00 -1.229747383412499140e+01 3.236669768537684400e-01 -8.699584658753092725e+00
1.175465395683151471e+01 5.977016683496304772e+00 2.312734666639117975e+00 7.945286498617721627e+00 1.532635874807270859e+01 -1.538486577950025769e+01 3.097320325140625386e+01 -1.496602335828557884e+01 -4.348784848832746519e+00 2.103108305528942790e+00 -9.174772766611171804e+00 1.314664427316745599e+00 -7.357600851428361288e+00
1.152243534191298302e+01 5.097388103072506560e+00 1.209546355109561322e+00 7.906504002574260781e+00 1.819156281505783213e+01 -1.751994875860287237e+01 3.235369534571782424e+01 -1.420400300304245356e+01 1.322284814343306636e-01 4.783648105881293411e+00 -9.417700876812933330e+00 9.342678229339197449e-01 -1.019100322575929418e+01
1.139549626313396402e+01 4.029151870263883772e+00 1.777131259463686552e+00 6.776839787111265778e+00 1.823013744825431459e+01 -1.687787483773799480e+01 3.017196665409823453e+01 -1.103672283657374642e+01 -1.413164918421977667e+00 4.996278230340682747e+00 -8.199078444472654326e+00 2.250309466187525143e+00 -6.794473663074783509e+00
1.124561904387393874e+01 3.066510922717346599e+00 1.235451340918011898e+00 6.689998129768087942e+00 1.851644943093639739e+01 -1.683835249202573792e+01 3.065314484397055139e+01 -9.964061617027338613e+00 -1.793076626401223672e+00 4.172184872259247612e+00 -8.959859935371174089e+00 1.062469422503518723e+00 -5.279736089141771949e+00
1.108745122163178820e+01 5.237961600054435785e+00 2.152540539090442628e+00 2.910671746388523218e+00 2.557897773132068053e+01 -2.348893272305078384e+01 3.866526532479245049e+01 -1.583772097861437267e+01 -4.382031696864325809e+00 1.445160260289970644e+01 -1.246194997593459064e+01 2.518938609394314909e+00 -3.113418851411419830e+00
1.048325034266169453e+01 4.288434071256169711e-01 -3.333072319118964844e-01 1.550463804184355032e+00 2.407015742987334050e+01 -2.518914686233469524e+01 3.783523196971978564e+01 -1.650989113477262293e+01 -4.280390623499133795e+00 3.867777364771375126e+00 -9.772763587383321848e+00 1.769518973256140937e+00 -5.951742634765785134e+00
1.012069032453621453e+01 -1.937380920823745356e+00 1.679785441662303702e-01 1.093651571424483882e+00 1.789549852198251756e+01 -2.044912300508456582e+01 2.425738179195995414e+01 -1.147685050777593574e+01 -6.057593693305410198e+00 1.701196380169766487e+00 -9.030593753893914055e+00 -3.050021689686609472e-01 -3.329590169956325951e+00
9.945696929230212646e+00 -3.251944585250172715e+00 1.085400183853281408e+00 1.255806703843585836e+00 2.048918955462431057e+01 -2.060948522655101911e+01 2.592937717459619051e+01 -1.085266060755927242e+01 -8.786456126860805682e+00 1.983277323365493228e+00 -1.011823791750500057e+01 -1.369224066220392499e+00 -5.369594008249813477e+00
9.830059835223249110e+00 -4.768351221576559773e+00 1.180940985479724814e+00 -1.669793753425163674e+00 1.838766825321435405e+01 -2.304901849717476026e+01 2.579853137864808232e+01 -1.104962418946980307e+01 -8.472287541323829885e+00 2.676077095775335923e+00 -8.990691092294818887e+00 -1.923219401825783992e+00 -4.071955729596411722e+00
9.780916396414344405e+00 -4.112427689545753218e+00 1.071772954828812185e+00 -4.856932168148341056e+00 1.970891474401923560e+01 -2.322731586166669260e+01 2.820964384505611378e+01 -1.132882750731105226e+01 -7.288883681827339700e+00 4.822737067913578812e+00 -6.191727505962076883e+00 9.818970689552332098e-01 -3.911960174996184092e-01
9.878396243072003813e+00 -4.391219198439088700e+00 1.166795096748067584e+00 -3.853295644110931395e+00 2.226229600512363405e+01 -2.264146870233237507e+01 3.254648759660088331e+01 -1.180677908109821495e+01 -2.932475196710195853e+00 3.868391898488303227e+00 -7.405327739003292997e+00 -6.808443653469007373e-01 -1.088636230652009484e-01
9.335181031781674577e+00 -6.318962461826855836e+00 5.446979722240710142e-01 -3.699638633799753329e+00 2.151548925624749842e+01 -2.236974177685443621e+01 2.633799886353739694e+01 -1.093843713730650258e+01 -8.134169033678286809e+00 1.007957959835750428e+00 -9.062135505597924023e+00 -2.938538181997936705e-01 -2.157363360474740421e+00
7.741676622372711591e+00 -7.235004306576268363e+00 1.876178013389157018e+00 -3.073864668062409322e+00 1.691090599134308547e+01 -1.770488783876023930e+01 1.537602016115124925e+01 -9.366777444229761329e+00 -6.116630211241345094e+00 3.935027495289961097e-01 -7.260470879662243249e+00 -3.572119749890698692e-01 -3.960841424787618248e+00
7.603898923687103739e+00 -8.671798934223239996e+00 5.372590771489649697e+00 -1.425470545549027745e+00 1.287273516055375566e+01 -1.464145762645719806e+01 1.871660484009754555e+01 -9.237656589645151683e+00 -9.447894945780728193e+00 1.033702336582827064e+00 -6.186415515588166159e+00 4.868035551996624521e-01 -4.405224597163608813e+00
6.756229502122090835e+00 -6.063492278476148911e+00 5.860998382958550579e+00 1.230215878393072781e+00 1.537064716859551794e+01 -1.757096474704980693e+01 2.428226093968197929e+01 -7.908567512950236633e+00 -9.756615188428986229e+00 5.250152514799796499e+00 -8.100454452570744479e+00 -9.759728860261240868e-01 -1.727816758356375271e+00
7.182390571364795306e+00 -5.433662233100434946e+00 5.745919924746986318e+00 -1.605453578738049947e+00 1.559238398612960275e+01 -2.139770729723893794e+01 2.535229059895010550e+01 -9.687882375220020492e+00 -1.038322606914257307e+01 6.839500529601443723e+00 -6.365675904500694315e+00 -6.232882522223539556e-01 -2.577441836711633183e+00
9.074245136821156521e+00 -3.418190110426182482e+00 6.405464560736699120e+00 2.262911736038732080e+00 2.446712534221225610e+01 -2.642836028667780113e+01 4.007666537664202622e+01 -1.370573803921579525e+01 -7.340099128607844747e+00 1.521574020259503968e+01 -7.058360529816664730e+00 -1.978901804260777331e+00 -2.148245746264268341e+00
3.305910349814264571e+00 -4.443096476024547492e+00 4.281472660147711551e+00 -2.960901237341343695e+00 2.005823125117062489e+01 -1.930090079831735039e+01 2.718713123882649896e+01 -9.745905255360561625e+00 -6.859143856618043600e+00 6.083553719932905501e+00 -7.465027875609913544e+00 -9.433593896263819945e-01 -2.688894826022684814e+00
3.020850295261408025e+00 -5.376584934695513240e+00 3.647253808421910826e+00 -3.517337764829380209e+00 1.882639295255678391e+01 -1.851648510322261387e+01 2.581917491304865564e+01 -8.504104604745533535e+00 -6.148465084058697627e+00 5.292646476974566916e+00 -7.778172201368151129e+00 -9.957588962246883835e-01 -2.355972420552836510e+00
