8.221954971819778635e+00 -1.536278749919130959e+01 3.126449418512497580e+00 -3.903296642992281740e+00 1.163604800328068478e+01 -1.100785134701538936e+01 1.706609862339044881e+01 -7.557829437910493553e+00 -2.422123243378348612e+00 3.717629058498806760e+00 -3.867311047970808158e+00 -5.137261221995081506e+00 -1.579582739538475611e+00
8.698103278902106439e+00 -1.052479496294669303e+01 2.635655010772860241e+00 -5.715272292115864516e+00 1.892937131939607909e+01 -1.992751834067797745e+01 2.962225417257049642e+01 -9.220217148259569839e+00 -4.122107926041179482e+00 7.265269553250019996e+00 -9.940555947014441784e+00 -2.081696266119764882e+00 -1.731029449791727126e+00
1.045403711149618786e+01 -7.656065679715103878e-01 1.770866291792988045e+00 -1.403050136797811431e+00 2.188936001253126307e+01 -1.935063365471820873e+01 2.591801786193481760e+01 -8.375849540366806067e+00 -5.581088440746785118e+00 8.915068491798745498e+00 -1.073509835646045119e+01 7.445494034230994984e-01 -2.955585913851126456e+00
1.090690940993211377e+01 -2.268686160572407129e+00 2.083288776854511415e+00 -6.828284537069467808e-01 1.848777539550084015e+01 -2.234355760549897596e+01 1.966912282796926803e+01 -8.984760106536946012e+00 -9.760934192533916587e+00 5.457379776712498298e+00 -1.123131864339464592e+01 -2.257625490769007648e+00 -3.222978950038990043e+00
1.192362892624137061e+01 -1.269069898865049284e+00 7.942698420430496786e-02 1.601440761210689345e+00 1.342655211162990980e+01 -2.021993965117775360e+01 1.801208716587582970e+01 -7.361273759678654827e+00 -7.860861682706819842e+00 5.287744901344849424e+00 -1.252361983996773453e+01 -1.889096256876679591e+00 -3.606058744005997685e+00
1.205009723572230484e+01 1.559093107100708586e+00 3.560566022862970970e-01 -6.584153143144803044e-01 1.660666557536366028e+01 -2.169529867579728943e+01 2.055721415876665858e+01 -8.937808574594146904e+00 -8.409283213620103226e+00 5.512572559073785072e+00 -1.208762728127619290e+01 -1.081664857845557215e+00 -2.636985103757022664e+00
1.254610831692109940e+01 -2.001461125023948906e-01 -3.637926639601578582e-01 -8.398741110750895800e-02 1.512471838641946675e+01 -2.357762903206075578e+01 1.557124675869774322e+01 -9.799207273460059042e+00 -5.735557817001773806e+00 7.385646134128752038e+00 -1.257627842545559282e+01 -2.926243646489754102e+00 -5.235102076306772823e+00
1.274628574484992960e+01 -2.966054433416367431e-01 -9.866266639602905286e-02 -2.210679765618698944e+00 1.476822664860798007e+01 -2.579749205821124391e+01 1.463769892673403383e+01 -1.067030935007983494e+01 -6.584882692084772060e+00 5.236886358065438785e+00 -1.202419471296642683e+01 -4.825528386712281126e+00 -3.837735074115495859e+00
1.324909783069407965e+01 1.602443786218722188e+00 -1.283941800260713695e+00 -7.022567808035266035e-01 1.342516284437188112e+01 -2.627047123141110063e+01 1.038488898010097827e+01 -9.940481920186382325e+00 -8.049535604234746344e+00 5.141311612765369077e+00 -1.388767950615084068e+01 -7.231797672484764350e-01 -5.189724693392169463e+00
1.047616895130039794e+01 1.849066782260088804e+00 6.329200051930572890e+00 -2.759463240151698304e+00 2.742017816716123590e+01 -2.957930292068734346e+01 3.627613275794217174e+01 -1.069314445891476950e+01 -5.303712495530636062e+00 8.859204544528941128e+00 -1.207341729836040223e+01 -1.664729092515816050e-02 -3.314916498173818393e+00
1.327060033478024970e+01 -9.485941903592577384e-01 8.849431092300127227e-03 4.960240016140097019e+00 1.517608608107286727e+01 -1.940945725756138174e+01 1.015637957175139761e+01 -1.218370513322628668e+01 -9.768920162468002211e-01 4.694163314081565841e-01 -1.040962566606120276e+01 -1.323761543371225535e+00 -2.372282014916280879e+00
1.431692187625777102e+01 -8.198291992559806340e-01 -8.189510120815576499e+00 8.354755778917713371e+00 7.824761036119908475e+00 -1.821873852900816715e+01 9.178769056277749527e+00 -2.514759713990880741e+01 1.753792466201737010e+00 -9.670243776074737951e+00 -3.139293477184493808e-01 -6.447889106919332036e+00 1.460878855552517397e+00
1.327954525425766263e+01 -6.654366137497220279e+00 -9.690825803833144292e+00 5.394457689165250258e+00 2.715693188674336511e+00 1.849378343775749611e+00 -1.170905816539619115e+00 -1.024100151705506967e+01 -1.593959422757524891e+00 -4.670416245708475245e+00 -7.340804228872296555e+00 4.731397076466803409e-01 5.004350414938603997e+00
1.696502857717742430e+01 2.579323335059950928e+00 -1.786269140094250574e+01 1.387949745627220111e+01 1.065377074201748542e+01 -1.491701489764473010e+01 1.106975082586290959e+00 -2.990554184888787503e+01 -1.117302757335284502e+00 -6.411490292906838029e+00 -3.396309198185296641e+00 -5.693784349409045653e+00 -8.852159519364312390e-02
1.741306288694750037e+01 2.588802126172336404e+00 -1.767898758184450969e+01 1.317067108725786362e+01 1.231875520313207772e+01 -1.239012465569559041e+01 -3.475283998294083965e+00 -2.845653618786845129e+01 -4.221104541196241122e+00 -5.723240387405021501e+00 -4.576765791352987556e+00 -6.558557496460126757e+00 -1.760718871933062146e-01
1.765682777892313382e+01 2.099875563339552276e+00 -1.586925601085241411e+01 1.250661489693413664e+01 1.467546124664431417e+01 -1.168933944958147109e+01 -3.131531435498371430e+00 -2.933258035648627882e+01 -6.192534675716561132e+00 -3.647913706710985693e+00 -4.203571675510190175e+00 -6.751166187557420706e+00 -1.839788038032439177e+00
1.765377274767259763e+01 2.922719521856869118e+00 -1.416089249438105391e+01 1.364276595299133810e+01 1.281464308085490167e+01 -1.002309320590558883e+01 -3.637284653009969837e+00 -3.202009605377781298e+01 -7.608475595765948896e+00 -5.432631796992350104e+00 -2.298872878976323086e+00 -8.453631533882829174e+00 -3.576558973919270912e+00
1.780271352175367738e+01 5.459342896728765382e+00 -1.458511145066987957e+01 1.743227591700061296e+01 1.682792326533032323e+01 -1.192970230157630063e+01 -7.326265088801250380e-01 -3.561578519919990526e+01 -6.673359616639221947e+00 -5.582680156175342745e+00 -3.286097851155492133e+00 -4.066272950621075744e+00 -3.526435890696899556e+00
1.749383911450119200e+01 6.151782136177490479e+00 -1.147287263851368166e+01 1.657486327863772146e+01 1.463162537826437593e+01 -8.735591094830716941e+00 -4.051061575431394779e+00 -3.380295634092314572e+01 -7.266027905104295748e+00 -7.298444871697915559e+00 -4.359596239392488748e+00 -3.835644609234786007e+00 -6.396419666946489002e+00
1.750189420902272630e+01 6.254671792260177554e+00 -1.065289308676434565e+01 2.036077917860131947e+01 1.520656099906362080e+01 -7.403505707559384419e+00 -5.973549550107245310e+00 -3.100477946277188579e+01 -1.175065012409706355e+01 -6.216144831698568574e+00 -6.639622804616950980e+00 -8.776435842685616606e+00 -4.457776836317238534e+00
1.746069901099006216e+01 5.421780407911293231e+00 -1.099944906843663972e+01 2.295862124743047517e+01 1.373314667752146789e+01 -7.152085976004591394e+00 -6.593823987833867584e+00 -3.199403502500950935e+01 -1.160751967349958491e+01 -5.524294956708291515e+00 -5.682886373540193325e+00 -1.075073770631297343e+01 -3.059489168171888984e+00
1.733099138203105838e+01 4.512531269358610153e+00 -1.043297159064211499e+01 2.448182671861840021e+01 1.453095803143082954e+01 -5.434203347122063654e+00 -5.386036507130397055e+00 -3.070381855408602334e+01 -8.907853666818601468e+00 -4.421977084946139946e+00 -5.307153955833972425e+00 -1.052184485045743578e+01 -4.720241462307355640e+00
1.711622791436706237e+01 2.725716596952303838e+00 -1.116945103087426894e+01 2.557734112788163117e+01 1.411877359268620502e+01 -3.625572277232930851e+00 -6.476363716753383848e+00 -3.304200636283025716e+01 -8.284619876325566068e+00 -6.406828892800310982e+00 -8.795250293664359731e+00 -1.334948194561535395e+01 -6.806157198320739177e+00
1.727986853664032552e+01 2.837750213391436294e+00 -1.338911512823993810e+01 2.667004820084317629e+01 1.484189181503509758e+01 -2.916941242222804043e+00 -8.268878244511954634e+00 -2.983945791453466612e+01 -9.366551018684260654e+00 -4.132016066019798650e+00 -9.707466368072790175e+00 -1.389437007698894178e+01 -2.609884777051867832e+00
1.731326325662682919e+01 8.028799124044082580e-01 -1.032265710958546023e+01 2.631317823609257545e+01 1.466657008771187698e+01 -4.099637530847776823e+00 -7.371105221751904857e+00 -3.281221773089713167e+01 -9.951669063282224670e+00 -8.006648960004719484e+00 -1.149364798772360352e+01 -1.439743281107278783e+01 -3.464183710865376131e+00
1.707889201996188433e+01 1.379134248489439107e+00 -9.439701170739299485e+00 2.618572336427805780e+01 1.678251464076021193e+01 -6.832093421556879598e+00 -4.743583568164273956e+00 -3.053035135483015594e+01 -7.230556498157698186e+00 -6.797870865043941002e+00 -9.244670607253238970e+00 -1.308606880399852557e+01 -5.608803447770609907e+00
1.676657292042105141e+01 -8.288224948065944231e-01 -6.962619716700299222e+00 2.476846841080891082e+01 1.554838728705572670e+01 -4.668595108439837382e+00 -4.899812713137494669e+00 -2.877477155323500924e+01 -1.037899856440397706e+01 -5.507013290341775225e+00 -7.338179939953722197e+00 -1.274572464004102734e+01 -5.070817908981170241e+00
1.641533657603286400e+01 -3.505796938934802598e-01 -9.379171971220968018e+00 2.906496972692069747e+01 1.654034359644041174e+01 -2.666255582078326025e+00 -3.716390324336351636e+00 -3.034521581156247905e+01 -7.332728873241538992e+00 -7.445415591963276292e+00 -9.487941981133330316e+00 -1.576103081258452576e+01 -6.871908359127883337e+00
1.603008801584904575e+01 9.763036168289364047e-01 -7.533639285166143118e+00 3.078815782242155308e+01 1.616887683691075139e+01 -2.902833945755571854e+00 -7.510780328001601669e-01 -3.094797300966678577e+01 -4.702539777063244664e+00 -7.960886127889572172e+00 -9.288492425876675895e+00 -1.688729518490619697e+01 -6.471162836382990058e+00
1.541195507383487140e+01 -2.562654912672061511e-02 -5.775195611105833571e+00 3.053377562413908208e+01 1.136631579734589970e+01 -2.611059275594832751e+00 -1.335186504657061013e+00 -2.819293075936938919e+01 -6.991573328828314615e+00 -3.363426765418246145e+00 -6.291358556876262220e+00 -1.635379228539011720e+01 -6.917280856212687290e+00
1.484711475302249006e+01 -1.187960294887357771e+00 -5.258143851416046566e+00 2.728838981445050749e+01 9.684957151970419176e+00 -2.225219413904329979e+00 5.026245005119746700e+00 -2.691970119583060139e+01 -8.789142141295995359e+00 -1.427247673577723530e+00 -6.277945318473016734e+00 -1.383157149984696943e+01 -6.934129385305555004e+00
1.368753301799940658e+01 -5.647905910697898157e+00 -4.404160877331980473e+00 1.352937014509435443e+01 6.486119493887961163e+00 -3.481435886869489238e+00 2.846278176769746704e+00 -2.106691105070036585e+01 -8.222673077464358826e+00 -5.246583758325406244e+00 -8.990898593495559865e+00 -7.912387111599750611e+00 -8.129220610932870628e+00
1.259361635567646509e+01 -2.290538629619611743e+00 2.016007710789566421e+00 1.316288582913849226e+01 1.594654020395114635e+01 -7.927557979924032772e+00 1.646111320568660830e+01 -1.989577163248430125e+01 -5.875234219322901907e+00 -2.224713792782577304e+00 -1.236288274844640256e+01 -4.995424939050524316e+00 -8.362203358346363302e+00
1.193173241471719592e+01 -2.768713832558964416e+00 4.176085302566338697e+00 7.429459856726414735e+00 1.752274343489268560e+01 -9.566475941425617080e+00 1.738417115242204858e+01 -1.541780949027093861e+01 -6.940484137495974259e+00 -1.725042392977100825e+00 -1.306160789602864014e+01 -6.492231281340067106e+00 -6.623284216629741650e+00
1.142813411094438081e+01 -1.971455161408019796e+00 4.390514948114427440e+00 3.935944508466032499e+00 2.092181012377131211e+01 -1.222378753398790785e+01 2.076519237977650789e+01 -1.608148560977171115e+01 -5.517676468653506916e+00 1.378284392440509487e+00 -1.364358266922323715e+01 -5.394856241613194214e+00 -7.052099072784674405e+00
1.131125246646690563e+01 -2.800637687484917482e+00 5.606527629367860754e+00 2.993085235134016475e+00 2.270268262628721700e+01 -1.517255280609313495e+01 2.167590273111300903e+01 -1.453413997540682345e+01 -5.810960775969446601e+00 4.090071483926934093e+00 -1.298918542813391497e+01 -3.198029583169896384e+00 -4.971211830960315936e+00
1.122769915899438864e+01 -4.275856584182948339e+00 4.835986830458991470e+00 2.171303968064216772e+00 2.144472088151311340e+01 -1.530822473435881648e+01 2.173208268301648260e+01 -1.115538702617335964e+01 -4.014252287932722929e+00 7.652214676886182509e+00 -1.173929811190357597e+01 -1.802803446765940398e+00 -3.575859245019007648e+00
1.192810617343596569e+01 -1.713326640503611831e+00 2.242170970403460473e+00 1.730044633217873828e+00 2.360546489704357853e+01 -1.751699518827458490e+01 2.017352317174916010e+01 -1.056674730490735215e+01 -5.176408556164516561e+00 8.187768856388476735e+00 -1.804411605606787816e+01 -5.525781367220039542e-01 -3.983070108018347266e+00
1.265092781440019820e+01 -4.100845348117126754e+00 -2.471989437374130905e+00 1.444646670326728533e+01 1.593209920733521301e+01 -1.320219576759826374e+01 1.976870444477451016e+01 -1.705229380148264795e+01 5.865494269741042821e+00 -3.221834935032003244e+00 -1.493729127640169452e+01 -2.362972823304732461e+00 -9.596225840608372692e+00
1.493183014266000797e+01 -1.856021896655217773e+01 -6.201261092991486201e+00 1.750488653759345681e+01 1.755137851890279932e-01 -7.347378497296817912e+00 1.428484743983018035e+01 -1.316840061445859611e+01 1.164682677766872176e+00 -7.827614045503463736e+00 -3.487747744454486654e+00 -5.193244401289679679e+00 -6.584132115364820237e+00
1.663183641829311199e+01 -2.493518257177862907e+01 -1.226785538922885799e+01 1.923378525354978663e+01 -7.108511663557356641e+00 -5.937776240633980684e+00 5.900128523493942012e+00 -5.882117058812545984e+00 1.290480656942384119e+00 2.788949514900034288e+00 -1.250015552960295873e+00 -2.064085390787927299e+00 1.892932172820758763e-01
1.794171105341306216e+01 -2.722180329726877446e+01 -1.333762732350353097e+01 2.345055054602821443e+01 -7.418023399959257524e+00 -1.406164294166953610e+01 1.853644868202463059e+01 -2.057260618369139138e+01 1.201271597088001908e+00 -5.290879604610904785e+00 6.285138141632129472e-01 -5.787428974700232764e+00 -2.384174203773289091e-01
1.821015807303681555e+01 -2.836546372386023762e+01 -1.225516905639791254e+01 2.392277305985523128e+01 -8.310361565612566892e+00 -1.619244251380821353e+01 1.992542138507732474e+01 -2.008857199647316349e+01 -3.434206342338074425e+00 -1.119235823534661334e+00 -5.523527002755436177e-01 -1.648364694967051847e+00 -1.639174324731193622e+00
1.826450877002240958e+01 -2.673994872146191071e+01 -1.343947041499282946e+01 2.309460075597388595e+01 -3.065672144691307999e+00 -1.391987237303371927e+01 2.467025696816582325e+01 -1.645465947124423423e+01 -2.789158760618952293e+00 4.171983778510492513e+00 2.540508327417352330e-01 1.071114630175508564e+00 -4.798859546522742825e+00
1.772599755874098193e+01 -2.417274553796271164e+01 -1.617489766774745519e+01 2.210921952314438244e+01 -2.113514606423195108e+00 -1.412114425155926334e+01 2.083428741526907757e+01 -1.838754948022018354e+01 -8.152536412308485581e+00 1.006429576050070773e+00 -2.782697428592967981e+00 4.112831450732680416e+00 -6.417444169297177758e+00
1.779011618075877976e+01 -2.428918462010239310e+01 -1.685176506308313904e+01 2.317615233630532146e+01 5.995403429211297874e-01 -1.928188185542010658e+01 2.574233858100116379e+01 -1.880084301206755271e+01 -9.711457879327447529e+00 1.428778522264147366e+00 -3.019953157981121628e+00 5.516361416926103267e+00 -8.226528595725717707e+00
1.649018872268574754e+01 -1.917942368689723054e+01 -1.866242040098587296e+01 2.015662135980559100e+01 4.837600583903289841e-01 -1.561354028641865099e+01 1.966777527030226835e+01 -1.733599462891998044e+01 -8.281011364475222791e+00 1.768155725638580034e+00 -1.923517302037986321e+00 7.728752249258602269e+00 -5.006142616027728032e+00
1.594440662914285767e+01 -1.659824384388583951e+01 -1.891321979399175390e+01 2.142745621706931658e+01 1.404452829561057881e+00 -1.407532306462330318e+01 1.840311896205581732e+01 -1.769694813253584087e+01 -1.107816472813937025e+01 2.943697154464809673e-02 -4.675987272390770499e+00 7.337389143101820999e+00 -6.086429682112355799e+00
1.525150866436931985e+01 -1.560028299426299903e+01 -1.955532290179328569e+01 1.984944827326205541e+01 3.405444035023921678e+00 -1.690780201176390207e+01 2.108101555669047400e+01 -1.624766543246704842e+01 -1.137126034542593267e+01 -2.297715866486430336e+00 -5.403617910928929291e+00 6.382988802689578911e+00 -5.281308389279619320e+00
1.441839372698742672e+01 -1.300396693162914730e+01 -1.948970417772799379e+01 1.716855321263743406e+01 2.975144156067135448e+00 -1.712123606421612720e+01 2.060887768328314706e+01 -1.651962113261204834e+01 -1.046315458173698865e+01 -5.209873107121709701e+00 -9.292888752667226582e-01 3.080519321392786836e+00 -5.190670194024501249e+00
1.348143701911638814e+01 -1.092748287077982994e+01 -1.676964881135224772e+01 1.410856352041472483e+01 7.009267021715158030e+00 -1.888757292411501254e+01 2.166444051048325292e+01 -1.462881872690510754e+01 -8.752568178855796077e+00 -1.870398545759919262e+00 -2.359728154536126610e+00 5.028996480177569950e+00 -3.738980845311590695e+00
1.273253341213261969e+01 -9.189584130494193204e+00 -1.620098252842435826e+01 1.253138676702623400e+01 1.396224166104896014e+01 -2.205563927302551619e+01 2.173494586054825817e+01 -1.424791425973084813e+01 -2.169276542012377185e+00 -3.145734739677970015e+00 -5.754633276239591311e+00 7.362029171143951167e+00 -3.384415469166486723e+00
1.205096923660579122e+01 -7.916997597844433798e+00 -1.176920474967252872e+01 8.454436301308316359e+00 1.958828628865660093e+01 -2.231967706306488708e+01 2.381822074640336595e+01 -1.587640222690398240e+01 -3.940775951266258792e-01 -1.817520314516862134e+00 -8.393579153433703866e+00 5.037871350045167063e+00 -3.125962474161394944e+00
1.125337488987017487e+01 -7.966916041618781641e+00 -6.897816486396637359e+00 3.974411042636565305e+00 1.872122141201845125e+01 -2.132218145004067722e+01 2.683385455878333659e+01 -1.344810285638761549e+01 -4.038693780599841077e+00 1.331488718651491876e+00 -7.689263328939803799e+00 1.869419957937455745e+00 -2.541172345990785786e+00
9.246625188812341634e+00 -2.164731119534291981e+00 -4.500486854001930048e+00 2.706870695785707603e+00 2.137493357803191074e+01 -2.567856617198275870e+01 3.348815015844299126e+01 -1.497123928276015725e+01 -3.714202904669591909e+00 1.970121128886293205e+00 -1.168780965185497678e+01 4.513465001651843167e+00 -2.440856034196755786e+00
1.036708365945935917e+01 5.795628263395831148e+00 3.601796181501289773e+00 2.239822429294790584e+00 3.233491125418367318e+01 -3.220157236542413415e+01 3.267843154239632497e+01 -1.207324063510078638e+01 -8.325283173660618985e+00 5.040170176265056590e+00 -1.070281633371459939e+01 2.721357197061140543e+00 -2.510110403303237092e+00
9.949507469796417425e+00 -5.942064767198149688e-01 1.285059864180610800e+00 -2.529129309607053955e+00 2.685712025886974885e+01 -3.066279534635806669e+01 4.383363894997474830e+01 -1.269991647469321450e+01 2.494489585591759817e-01 6.181264564618368595e+00 -1.031328885394206907e+01 -1.084198034815604395e+00 3.069122440898060411e+00
9.556767793242819664e+00 1.032141546300266777e+00 5.901041807659641591e+00 -3.634557222413361099e+00 2.766011600271808035e+01 -2.583963404589177060e+01 4.055615292476286982e+01 -8.657036953242837285e+00 -6.973653960057526469e+00 1.214010885591967615e+01 -6.647438752382804239e+00 -1.106929877636300796e+00 -6.572829267799954245e+00
7.497255931017323682e+00 -4.154808755207509918e+00 4.383030564176211286e+00 -1.511477481707285575e+00 1.947114866272137590e+01 -1.827372993529851186e+01 2.515898223902804531e+01 9.993519091755979078e-01 1.113888235487571210e-01 9.554833775276974084e-01 -6.333133978428789668e+00 5.469428993155362601e-02 -3.402373410235316253e+00
9.259360860410666305e+00 -1.164791899314812618e+01 -2.325753049803470418e+00 -9.764648202997756599e+00 9.804662063628180491e+00 -1.141748826600415612e+01 6.324889996082908361e+00 -4.596108108282102478e+00 -7.982571064392129045e+00 -1.851621095167663711e+00 -3.450942782038300294e+00 7.426010994554035349e-01 -3.502732493277383341e+00
5.424358347426810667e+00 -9.946216328275372831e+00 3.650173047757458100e+00 -4.940892146004835617e+00 1.703014596811056691e+01 -2.199863154217298700e+01 2.094710204175205348e+01 -6.597799377329880421e+00 -5.767176595937380412e+00 4.024779946552397902e+00 -6.742714177419131261e+00 -1.300169690594314975e+00 -2.960159937972967725e+00
