1.111829522916977631e+01 -5.435571390957857574e+00 5.001429695598907266e+00 -1.921841122264020540e-01 5.075002827016906082e+00 3.729668050384678857e+00 -4.363007671023960143e-01 -7.298856148759688800e+00 -6.471144720122843808e+00 -1.957946355065477428e+00 -1.071346938677291138e-01 -7.390656475374960621e+00 -8.864594409936264796e+00
1.041417495217298317e+01 -2.922075106634763220e+00 5.261441459761599937e+00 -6.054080605185753194e-01 1.915095547957292510e+01 -1.609415680105864510e+01 2.325074678381777815e+01 -1.045873902936929767e+01 -6.047118940778775986e+00 1.771031206711014772e+00 -1.009469483561604441e+01 -4.952532016748760313e+00 -6.998429200003008610e+00
1.072590439275943730e+01 -9.605748903541424522e-01 5.852931030858593786e+00 4.054527395139416179e-01 1.721814631110540361e+01 -1.673681345061454451e+01 2.386565766481092155e+01 -9.795308257645340078e+00 -5.341223727539603949e+00 4.391052850465990254e+00 -8.819588564745053816e+00 -3.622440779707889469e+00 -5.676173066826581959e+00
1.085046180805051996e+01 -5.298249238670003081e-01 4.620628021577604549e+00 -3.568022382428053252e-01 1.579665170618015502e+01 -1.702011406635044111e+01 2.363810760873958472e+01 -1.015108660161431331e+01 -5.122989005109214844e+00 6.487526389754735057e+00 -8.719214156076068534e+00 -1.891948587414814975e+00 -3.531599568851921944e+00
1.122408534709428984e+01 -3.054931593819712465e-01 5.208094169613497471e+00 -7.359606135862992726e-01 1.709012703597088745e+01 -1.644416244327372212e+01 2.310858164820338700e+01 -1.113076504549596280e+01 -4.116493072767868355e+00 5.543735118578309695e+00 -7.917262215899651068e+00 -3.263235960261065216e+00 -2.613561393808447875e+00
1.139985343631204628e+01 4.184576106350513386e-02 5.376718517636910555e+00 -1.098313551176109515e+00 1.756343674077124106e+01 -1.570002665642020290e+01 2.397020964252282837e+01 -1.082679455809521762e+01 -3.291320426396991738e+00 3.652918608741658524e+00 -8.024908358416674048e+00 -2.796284887257619367e+00 -2.201306604813078494e+00
1.134695402787443008e+01 1.035685469713293116e+00 8.421399374972095231e+00 1.066344099255553540e-01 1.938116861965904292e+01 -1.961601859984789442e+01 2.575633282932637513e+01 -8.798202056983512875e+00 -3.760423615228920102e+00 4.439382702006115622e+00 -1.055623359892453195e+01 -5.234034795452932265e+00 -1.425228398232108340e+00
1.163389756289773125e+01 9.352537228380568557e-01 5.573768707545142753e+00 2.057218618296077772e-01 1.471749097537375839e+01 -1.688489949024094372e+01 2.421800693417514694e+01 -9.960475490509598018e+00 -2.485954198923716607e+00 -1.103536217623876770e+00 -8.329308468745855620e+00 -2.417425364332078441e+00 -9.015081167902735393e-01
1.150028436274588195e+01 2.191761414843213795e-01 2.043905237230835947e+00 4.823074003983164992e+00 1.738617692679578752e+01 -2.592674679226772838e+01 3.066260476013902192e+01 -7.015586846749016559e+00 -5.496529730218275844e+00 2.123806429652637551e+00 -3.022645801859283221e+00 9.493359723651784154e-01 -4.915807050581754822e+00
1.081849795877546505e+01 1.589686556776665372e+00 4.725247256803911888e+00 -9.619659834482742200e-01 2.123186457330772825e+01 -2.330128849730553497e+01 3.226786193590935881e+01 -1.183351891880128548e+01 -5.314630599120971688e+00 7.057802358148792088e+00 -7.882244853772455428e+00 -3.960673810077258050e+00 -3.643016749276181354e+00
1.161791583880313361e+01 6.428203707502099462e+00 3.100062549391477962e+00 1.922290552143208764e+00 2.158717443016188042e+01 -2.479151013588806407e+01 2.781982779331887201e+01 -1.308930944066478474e+01 -2.840468752449798462e+00 4.676429902954144957e+00 -1.516402415529889680e+01 -5.902658044410846294e+00 -9.821666718442399358e+00
1.241457293567431819e+01 2.777134122558091001e+00 -3.726719097540378112e+00 2.977374921452752954e+00 1.303457033622563976e+01 -1.883337957458319423e+01 1.703062537201470406e+01 -1.133108388786651588e+01 -1.772037334013219612e+00 2.815068848804702650e+00 -1.308779163694162584e+01 -5.409895566164956371e+00 -9.652440960746071497e+00
1.237353337911161866e+01 3.467246588509153682e+00 -2.176018455512183980e+00 1.601949290132332004e+00 1.479130621117530353e+01 -1.840630973031202799e+01 1.740952244993880171e+01 -1.165998919334322004e+01 -1.623749796275899770e+00 3.422333288510536198e-01 -1.113519164507391146e+01 -5.511914212136164615e+00 -8.948505307466323444e+00
1.232133632876147722e+01 3.890262835844451317e+00 1.260099682898995876e+00 3.825149223809366505e-01 1.475088692611377539e+01 -1.724635089646881170e+01 2.026437537769272978e+01 -1.016169860804354919e+01 -8.793401957390508672e-01 2.455103399934708275e+00 -1.116369220305297993e+01 -5.994705992322722388e+00 -7.495145189540279418e+00
1.226786786860344769e+01 4.208956008567134255e+00 1.797268359228456180e+00 -4.597170402743330775e-01 1.478984845277429550e+01 -1.730097170714718047e+01 2.037978613791459637e+01 -1.290556140869993307e+01 -2.200071367673543943e+00 1.051791862142887890e+00 -1.360312808625602088e+01 -4.112211361300587065e+00 -7.284640524853731591e+00
1.232462779651583240e+01 4.473709924629909018e+00 1.525001335510029365e+00 -1.900854441277772588e+00 1.245353962985004870e+01 -1.823296599540416452e+01 1.850785409161096240e+01 -1.452732669817101119e+01 -3.000780002822164061e+00 -7.699079299540054766e-01 -1.317159003054312549e+01 -3.047642877952703166e+00 -6.581081771954114146e+00
1.248923118566870905e+01 4.295544535617610293e+00 1.467057487595639031e+00 2.114751322359892161e+00 1.308250398466481101e+01 -1.613768165630777318e+01 1.768074397191581681e+01 -1.623208180675744572e+01 1.721308880218130888e+00 -7.795301252776631884e-01 -1.145671374798170739e+01 -2.530848139857667656e-01 -6.489237538425900453e+00
1.289246280856260363e+01 5.684401216952815972e+00 1.406881634314707474e+00 4.999621330706390587e+00 1.504389006051711597e+01 -1.484633344789938292e+01 1.757478378893016924e+01 -1.623726039421169887e+01 3.004045339201112164e+00 -2.792497320933988170e-01 -1.059738582289989672e+01 1.509762613775800788e-01 -7.101253602636733220e+00
1.283293174855937480e+01 5.883356379223895871e+00 3.478079753179226685e+00 5.146884247382105926e+00 1.638842300635141314e+01 -1.166312384496000121e+01 1.697801511773190342e+01 -1.441006480549503088e+01 3.079452347676115753e+00 1.753452111391579082e-01 -3.507675317723547348e+00 -3.970818883746341843e+00 -5.093070397703742813e+00
1.370736872769481884e+01 9.902058691750495356e+00 5.707017521987713948e+00 6.866050976617133372e+00 1.408190227164387132e+01 -1.042757926945827762e+01 1.315250998112249370e+01 -1.670031719211428012e+01 -1.341413437612947401e+00 -1.663495678701737868e+00 -8.167746857854989884e+00 -7.190669259493849275e+00 -6.248147172230194890e+00
1.434897203531535936e+01 1.194320968427705765e+01 6.869588622843922465e+00 6.358205143266625115e+00 1.051256234934492895e+01 -1.734583669331274169e+00 9.816190697955180511e+00 -1.691075488692623452e+01 -2.208608333618093500e+00 -2.685823086281064587e+00 -5.997569339431059632e+00 -1.122952524040970168e+01 -8.033778487263608881e+00
1.510255106213579523e+01 1.489242193432236228e+01 7.673608604551148460e+00 8.875705824611907602e+00 1.044095557073798730e+01 -5.841697512587337160e-01 9.550926465179136571e+00 -2.086705061661428218e+01 -2.331342851234833979e+00 -3.252551687046571161e+00 -7.786477103971829905e+00 -1.304350341917004030e+01 -1.035332478522180288e+01
1.556190070123410507e+01 1.616653450776751555e+01 6.885839329671808784e+00 1.219819119206638014e+01 1.102100133331735599e+01 1.235127545508712954e+00 7.382136015198424772e+00 -2.239344327831009807e+01 -3.872327855287543752e+00 -3.488646013135924928e+00 -8.228359841845998446e+00 -1.749391919769449544e+01 -1.080216248531622369e+01
1.583580367392463728e+01 1.597857007843072097e+01 6.715812645037241957e+00 1.218936849088979635e+01 1.055233973313653628e+01 -1.859114627056541735e-01 7.315816392236826005e+00 -2.438777229929999990e+01 -4.628184487124296531e+00 -4.457881974534248393e+00 -6.775960936519254574e+00 -1.888963983651098388e+01 -1.127701718298501987e+01
1.617562963949444210e+01 1.543037268241961790e+01 5.573668297774622360e+00 9.846324821819342432e+00 8.240305598612192028e+00 -2.544801420129818137e+00 1.058791397952244751e+01 -2.476919697041281054e+01 -6.680603309185106475e+00 -3.419060813255897724e+00 -6.728349819427314138e+00 -1.665343336537579333e+01 -1.094688431497218239e+01
1.653033842683971244e+01 1.472853149892324076e+01 6.666720900776367031e+00 8.713932371365537222e+00 7.216552728343751610e+00 -2.220552229587326121e+00 8.823948660586596660e+00 -2.288270294766628155e+01 -6.092018304600570922e+00 -5.378601114451337040e+00 -7.350629612958393899e+00 -1.363739478666430927e+01 -8.656897825133343716e+00
1.677553918337545369e+01 1.571998896166449278e+01 5.007072383091795587e+00 6.381168022169011245e+00 6.259744181599305790e+00 -2.680483344613327823e+00 8.361483038518649380e+00 -2.302180509877710435e+01 -3.104575042948698460e+00 -7.496265256022177859e+00 -9.125460482040972821e+00 -9.659546524660505895e+00 -8.133021870645645635e+00
1.684103963447667596e+01 1.455393931678892017e+01 2.237708507682514725e+00 7.426126919290054751e+00 5.504615055764900511e+00 -6.947369171390628928e+00 1.400912785433088636e+01 -2.371795756835871671e+01 -8.534732074242415978e-01 -7.748778067662251523e+00 -8.808449836119292442e+00 -9.940304328560980451e+00 -8.504215164071419863e+00
1.708217394962330360e+01 1.589506661981343250e+01 -3.798764715941465031e+00 8.126123813520106154e+00 -2.159864579753747460e+00 -8.034047600657171273e+00 1.281864695791339948e+01 -2.282796227193096428e+01 -2.231366315644038312e-01 -6.844152504818166172e+00 -9.309743084520787804e+00 -9.026917101155927270e+00 -4.590583434166142673e+00
1.735971214571932464e+01 1.733435084872495224e+01 -6.790718408700556097e+00 8.736673097259844312e+00 -7.575322046719477065e+00 -1.139174874482354660e+01 1.397669889065904592e+01 -1.801972162634427832e+01 2.100266470526394702e+00 -5.870508030059379045e+00 -1.367247412988692723e+01 -5.705527745713771637e+00 -3.932961222271510238e+00
1.759451385005079160e+01 1.629609646065469519e+01 -5.804696862174020922e+00 3.909627102327922987e+00 -1.235510216399733174e+01 -1.760802253068474954e+01 1.717941474820134218e+01 -1.752790978756915763e+01 8.469957293091175288e+00 -1.047720735850030849e+01 -1.262585660578432645e+01 -1.099532040886643003e+01 2.814180492406614054e+00
1.848193998444746811e+01 2.913140521715187603e+01 -1.020960588291186966e+01 -6.360205394468714246e+00 -1.585274615696224920e+01 -3.084974456052624880e+00 -4.943169251860384250e+00 -1.765874445243975910e-01 1.785425218321148577e+01 -3.136820541827707309e+00 -2.196236973013803251e+01 -2.260299404526702749e-01 4.282524233895052213e+00
1.741708030719166089e+01 1.585198237162145318e+01 -7.723462370072662786e+00 1.520306402987063654e+00 -9.736114084338705510e+00 -1.315869137392419042e+01 1.824083804219214855e+01 -1.380407175368590345e+01 5.701987123051155848e+00 -1.052736668780231533e+00 -1.992048497440010379e+01 -3.300187681500241332e+00 -3.220778487711419835e+00
1.727078929450460976e+01 1.428339418384936010e+01 -8.394936712649920807e+00 -2.565556694746378152e-01 -4.502648156722230510e+00 -1.380814137763145055e+01 2.211814288050067034e+01 -2.117933688971195139e+01 5.259319430124861583e+00 -2.085572718462222142e+00 -1.448210413322884627e+01 1.199273978344584490e+00 -9.762450832057220751e+00
1.689659114266222417e+01 1.589405141260467325e+01 -8.080959154367377550e+00 3.999060835255085156e+00 -1.565346225591428997e+00 -8.544701753647197862e+00 1.452518150698938548e+01 -1.907874231239928875e+01 6.895387307882434591e+00 -4.103522955923027737e+00 -9.693992229146580542e+00 -6.926915072911071780e-01 -5.507111932486846051e+00
1.674385992849248339e+01 1.548077060446792075e+01 -8.373604347727274799e+00 5.499579791891400227e+00 -1.708054194466391174e+00 -4.744886060370729020e+00 1.087067596390502011e+01 -1.611664831155593802e+01 7.425243194165986438e+00 -3.435271165861493170e+00 -7.800090738747959662e+00 -2.804814366678173521e+00 -5.866139931634591242e+00
1.663072095559530084e+01 1.552331982206691841e+01 -8.055753844001122488e+00 6.412069344753832389e+00 -8.168098166695791917e-01 -5.064323412757592457e+00 1.278638918862557539e+01 -1.565923336876041283e+01 5.770137491264649476e+00 -2.076602993492995708e+00 -7.345164006691064174e+00 -4.116179757423662267e+00 -5.349407455937095435e+00
1.648325194795178206e+01 1.582320417998657192e+01 -8.063261990641928278e+00 7.242363861559300453e+00 1.899031780449833562e-01 -6.814062525787283775e+00 1.517150252401120802e+01 -1.642249224618082692e+01 4.891110090561969770e+00 -1.286229133544253278e+00 -6.823872415230011867e+00 -4.470940674097647616e+00 -3.494639260903054101e+00
1.632531781420248151e+01 1.446687176452616796e+01 -6.938628466767721825e+00 7.937545896824046210e+00 1.687254712133994250e+00 -8.419799897689394186e+00 1.670899592499645081e+01 -1.420355489775435665e+01 2.786700669727839585e+00 -1.527298044117974207e+00 -9.111813044980578979e+00 -5.780064039222412298e+00 -1.068401754083545763e+00
1.620280753882904179e+01 1.551825157998035642e+01 -6.877524747972826979e+00 9.164116851978358014e+00 4.260302566313308725e-01 -9.220089508482544716e+00 1.885031215986195718e+01 -1.447771180033005045e+01 1.840092390303155190e+00 -3.302445768165957141e+00 -9.492961216515995559e+00 -5.800245506372646354e+00 -1.015465163285663275e+00
1.602339254671239743e+01 1.549004499122645662e+01 -8.036323560110623987e+00 9.843784054825853502e+00 1.933952825022198008e+00 -1.047158281986613915e+01 2.010642321261628140e+01 -1.550713350419714942e+01 2.730516769646470721e+00 -4.524104849331512135e+00 -8.013144251288876418e+00 -7.440324417607376617e+00 -1.512025067857659888e+00
1.587820229633227775e+01 1.607011243933234823e+01 -8.498916450506289522e+00 1.043463031893208814e+01 9.411966113319600868e-01 -1.052799698436465192e+01 2.153654061420716914e+01 -1.468244293720782778e+01 3.570739010125369095e+00 -2.322695924421616098e+00 -4.255148985543143247e+00 -5.826627671524726715e+00 -1.448251705619431062e+00
1.575323757810853209e+01 1.467609495636099481e+01 -8.586042406523805681e+00 1.004327705125637493e+01 1.736065314069598076e+00 -8.537135716386375250e+00 1.903903310571094210e+01 -1.390861658988347749e+01 1.843621600366956104e+00 -4.661328000294152396e+00 -3.720364747315732412e+00 -7.266354258909425212e+00 -3.908241767308436865e-01
1.558522887237755405e+01 1.508748355919654749e+01 -1.032450348084059932e+01 1.216993520211505597e+01 1.422491881104064326e+00 -6.812684852402331792e+00 1.936729013277902212e+01 -1.367409028276845540e+01 1.614074413660061991e+00 -6.502875916955307645e+00 -1.708476540604251248e+00 -8.090918644910988888e+00 -1.042943110110006177e+00
1.529170204480329076e+01 1.410933996322196116e+01 -9.580161080223609460e+00 1.231315521733693252e+01 2.619387517915281016e+00 -3.917055180030441175e+00 1.894719208249504661e+01 -1.342428140858367236e+01 9.637966451816283309e-01 -6.863970777807446133e+00 -3.397685420337746898e+00 -6.404854298744139918e+00 -3.748544931188774854e+00
1.505313693388238860e+01 1.216324967422827541e+01 -9.991796693632405635e+00 1.366305051153182504e+01 1.834841000653748999e+00 2.137659343571812198e-01 1.329147010446076749e+01 -1.415604656421867347e+01 4.314121787924941887e-02 -3.984019312476968722e+00 -6.412429073832728754e+00 -5.020226851048179562e+00 -5.638254055948569210e+00
1.488890135249476643e+01 1.056162136495092696e+01 -8.476939171361866698e+00 1.453023040424406709e+01 6.153236453015249907e+00 -1.110319137432537850e+00 1.569396008839367340e+01 -1.554882459802179717e+01 -1.142920134696199685e+00 -1.312071138035626028e+00 -9.001597826298970872e+00 -1.580249477034791461e+00 -5.563876069065277541e+00
1.473246213338880750e+01 1.080813046547629241e+01 -4.365843015546031936e+00 1.851470216984268546e+01 5.788426911543687936e+00 8.530853157686951960e+00 8.272894534787225140e+00 -1.343268759303999715e+01 6.993106625884175642e-01 -1.755447765633688650e+00 -6.992126679039600390e+00 -5.956135246750415835e-01 -1.666014682200296360e+00
1.424370751850872097e+01 7.979878485707228464e+00 -4.962414822962577077e+00 1.899540801516994293e+01 1.022287073985297745e+01 4.391121395546229600e+00 1.311953841969494405e+01 -1.643190469189608649e+01 3.701169060278583611e+00 -6.663874419285671369e-01 -5.963881003223437283e+00 -5.378619152841846329e+00 -2.281272611675321027e+00
1.407859729795656278e+01 4.006836185150387308e+00 -7.937649103866526445e+00 1.906128272081854291e+01 1.407940928288911309e+01 8.404990138576183156e+00 1.286198489978224835e+01 -1.345855527555823272e+01 3.899542893914515140e+00 4.717691731515785136e+00 2.382870378274780931e-01 -9.821442510402372150e+00 -2.215905530423899705e+00
1.377529088581863270e+01 4.528116106941558527e+00 -9.277071153700612527e+00 1.540975904927274875e+01 1.212292185021380320e+01 6.754907618150336468e-01 1.342811437873074887e+01 -1.599640241246269134e+01 6.215897607315437057e+00 2.504920535806592685e+00 -6.768209612298524469e+00 -6.845596456556211962e+00 -2.274234785919655000e+00
1.346145285289340876e+01 4.630345298121708808e+00 -9.846455221364642796e+00 1.505626829698254454e+01 1.392894220939331973e+01 -7.803474098258287306e-01 1.516580620310315730e+01 -1.576111083519119660e+01 6.718255981837217838e+00 3.871932836474224260e+00 -7.603251257995834678e+00 -4.755015092189288417e+00 -2.225584010474393748e-01
1.303049877219734931e+01 4.728288099230606889e+00 -1.143564743906591019e+01 1.516966661746096534e+01 1.469100248328949654e+01 -4.556938460560873594e+00 1.724902244168288235e+01 -1.969589800688525472e+01 9.673087575914355085e+00 3.621553019357270475e+00 -8.693314258103523429e+00 -5.958181436619870652e+00 -4.286328350078150717e-01
1.256939249751066967e+01 3.685693733154685514e+00 -1.044609071927726696e+01 1.178208790452572430e+01 1.635370754401032301e+01 -6.960097391286653945e+00 2.067818095210077445e+01 -2.127772707784866313e+01 8.740279204445499772e+00 2.717821206030047509e+00 -8.869656303653018270e+00 -5.909330825971504275e+00 -1.330490305232590043e+00
1.213060320972079609e+01 4.635655634177402007e+00 -8.180978525785276290e+00 1.178102732024603583e+01 2.057957324503346186e+01 -1.190292515689056430e+01 2.363462281289495692e+01 -2.179880536387812384e+01 1.088414624886851456e+01 4.242608851586942009e+00 -9.570559789892790548e+00 -6.374578807259179136e+00 -1.673973249012664644e+00
1.173798049845848190e+01 3.077040272102034901e+00 -7.555284094468415645e+00 1.036734487894257661e+01 2.151916575355245698e+01 -1.360818640585809014e+01 2.347513805909976270e+01 -2.026331216004640723e+01 1.098200993604667630e+01 6.135425746809894498e+00 -1.092726476366964761e+01 -4.889872719057024142e+00 -1.910081003710761172e+00
1.219780570441778700e+01 4.328322364843858239e+00 -3.697169232603224387e+00 1.205057432140197626e+01 2.979528337040973085e+01 -2.105323122099046174e+01 2.509743932959180768e+01 -3.236598416335028361e+01 1.377298233582081011e+01 7.271295773071790869e+00 -2.160937229887639788e+01 -6.675765540333875592e+00 -6.256876351459692565e+00
1.085152666980915015e+01 -6.149726500103369631e-02 -4.818605597501331772e+00 4.345901786345624629e+00 2.016730157630983555e+01 -2.017466683377041292e+01 2.512123521096312473e+01 -1.870731736846991922e+01 3.454070199832801613e+00 4.596595605401739171e+00 -1.066307265021045048e+01 -8.110367086495170463e-01 -1.736640841289215142e+00
1.080080238158779160e+01 4.252524720556309368e-01 -3.373311757957074164e+00 7.131634934069040810e+00 2.384449130944727102e+01 -2.652802384544269287e+01 2.980463820215448578e+01 -1.933134342057908839e+01 2.215105384062403093e+00 8.101979184069083573e+00 -1.426899715679910763e+01 1.648665080413948270e-01 -3.014185179369465839e+00
1.068117479098588163e+01 1.062902353845410541e+00 -1.070004734014666559e+00 4.363924514885782813e+00 2.588435447849984072e+01 -3.159940421484800055e+01 3.243720845281990250e+01 -1.278450688516593026e+01 -8.543473515761208503e+00 1.742204673272719662e+00 -9.932354645630745438e+00 2.087585009534687064e+00 -4.604478859509969269e+00
1.034722012697863391e+01 -1.976645790944141945e+00 -2.893608902633618030e+00 4.913740294426057531e+00 2.107738229385238782e+01 -2.155754690893811087e+01 2.910905966270636114e+01 -1.066729311775035249e+01 1.410852561738086930e+00 5.689735449594204297e+00 -1.004467644437102791e+01 3.006314064620345672e+00 -4.831273146201700563e-01
1.128738403220847886e+01 -1.154262184048683082e+00 -2.525230238351945822e+00 2.944326883479490231e+00 2.825177889357093974e+01 -2.668250440918905397e+01 4.183458624326409847e+01 -1.844572638274793874e+01 9.714993334436536898e-01 8.131308352068721490e+00 -1.394366689906075152e+01 4.179421615508383425e+00 -6.133646904303803993e+00
1.036357548183768351e+01 -2.698405410370305013e+00 -6.041162457181011192e+00 7.488943013983943686e+00 2.179177881782191051e+01 -2.170520589839014747e+01 2.958498435102339741e+01 -1.717837445840288879e+01 4.454716583875399927e-01 6.502928270938618915e+00 -1.210628608882815627e+01 -2.858989768554830446e-01 -4.281435112409854860e+00
9.729225678377606101e+00 -6.234232562443824399e+00 -3.409541874724082877e+00 3.564952990843709202e+00 2.150571126728145899e+01 -2.381053150678715369e+01 2.798482797098828101e+01 -1.338153594921058342e+01 -5.656878937352244341e-01 5.789144729937334866e+00 -9.359549091385334307e+00 6.732108424771193755e-01 -2.108361459461192577e+00
9.570478740751807933e+00 -7.032166656761613233e+00 -1.323943053602573361e+00 4.075629322156502532e+00 2.300130624475476182e+01 -2.428949405466778444e+01 2.746316247004933331e+01 -1.069628473303650473e+01 -2.003664702716002388e+00 3.899973102562022564e+00 -1.081189173679819326e+01 -1.179701568678673818e+00 -2.454920602222607773e+00
9.505220131286042928e+00 -7.732419738160015932e+00 -7.212458689007803514e-01 2.595806218362735063e+00 2.295128978392476782e+01 -2.372751484356134455e+01 2.808363107904009581e+01 -7.946083843721940987e+00 -1.125696200707447581e+00 3.133081142879476921e+00 -1.001553280079256680e+01 -3.321361235150208091e-01 -1.499627557393734767e+00
9.311971203845125444e+00 -8.463174310576786041e+00 4.864949877683228396e-01 2.814236575914576655e+00 2.276661046395354049e+01 -2.113629035949371016e+01 2.808328619840927232e+01 -6.561676185247715232e+00 -1.793756015252485403e+00 1.823747960098353271e+00 -1.040594016468873129e+01 -1.433313766067124906e+00 -2.509990057922444340e+00
6.579524618394112068e+00 -5.892867620997577660e+00 1.766927542795259098e+00 2.302005911585637499e+00 2.251703558825854046e+01 -2.085215764283642415e+01 2.877022808155378186e+01 -7.102289392502719956e+00 -3.162610731528006980e+00 4.089426086900236790e+00 -9.686090242735664546e+00 -1.820019568979369229e+00 -3.187319248860560172e+00
6.468332516448157321e+00 -6.412593737929769055e+00 2.557510475953040707e+00 1.902062598081879274e+00 2.201195321351054446e+01 -2.151323699107404863e+01 2.854529615157883882e+01 -9.034696307390719383e+00 -3.112682711114457046e+00 4.824667570107773251e+00 -7.983014839277637442e+00 -1.387428980153979419e+00 -2.654303967640752937e+00
6.426606669914835201e+00 -6.849875986157387686e+00 2.793982129617902377e+00 1.363725586534460854e+00 2.090657288497249056e+01 -2.053821266140221979e+01 2.736360786877396833e+01 -9.615340684025406759e+00 -2.215898631512517536e+00 5.836257734316338208e+00 -6.127666942024214691e+00 1.875064711746964041e-01 -2.720797502939165113e+00
6.301778044838687975e+00 -7.249798204705311555e+00 2.687150413812820382e+00 7.351962253013577531e-01 2.185770062224856858e+01 -1.967754804742116193e+01 2.753298783803289496e+01 -9.862586593960887882e+00 -3.411457109978642599e+00 6.493028539645327335e+00 -7.934671592064435508e+00 9.974862890015657735e-01 -1.004153913404208565e+00
6.038050176149110548e+00 -9.105769971824486220e+00 3.594456650522681151e+00 -3.519443378401370670e-01 2.259416428258587928e+01 -1.843177592983140656e+01 2.697209926713357220e+01 -9.796680296975258884e+00 -5.241287400562233856e+00 5.057793423217308515e+00 -9.532570974051804313e+00 7.519641743756902974e-01 -6.371319438540935520e-01
5.739989736067822257e+00 -9.697200491126313437e+00 4.191313769129696887e+00 -8.483816668928223503e-01 2.048294856436938360e+01 -2.127687505966273207e+01 2.526888442273200042e+01 -1.036263384347222782e+01 -3.774978743319294505e+00 4.840984420560306312e+00 -9.812557862664148089e+00 -2.863956697291492048e-01 -5.180765549412118531e-01
2.927553576328086660e+00 -7.397874157010634555e+00 4.547088644913533706e+00 -1.272632591978329897e+00 1.923219454874463352e+01 -2.093511280443084033e+01 2.327834890246420585e+01 -9.142659129452299638e+00 -2.490834780606432819e+00 4.754954036076256330e+00 -8.907941099141485353e+00 -1.423835687348657508e+00 5.697523479940355129e-01
2.635733691476228047e-01 -4.506186006561156532e+00 5.350929473748654353e+00 -1.323269905738207464e-01 1.889062889007926671e+01 -2.057629337953434145e+01 2.361258060949666060e+01 -8.957620693189614514e+00 -1.781160449395849721e+00 4.444172491311813467e+00 -7.648932597310147408e+00 -4.017395800320803789e-01 1.218403718392342183e+00
